Home Player Win,Home Player Country,Away Player Country,Date,Difference of Age:  Home Player,Difference Height: Home Player,Difference Weight: Home Player,Home Player Age,Home Player Height (Inches),Home Player Weight (Lbs),Away Player Age,Away Player Height (Inches),Away Player Weight (Lbs)
0,NNN,NNN,43025,18,11,99,38,87,290,20,76,191
0,NNN,NNN,43025,-18,-11,-99,20,76,191,38,87,290
0,USA,Dominican Republic,43025,-2,0,6,30,82,251,32,82,245
0,Russia,Switzerland,43025,10,1,30,34,83,270,24,82,240
0,USA,USA,43026,-7,0,14,25,83,279,32,83,265
1,USA,Russia,43026,-10,-2,-25,22,83,250,32,85,275
0,Montenegro,USA,43026,-2,-1,-5,27,84,260,29,85,265
1,Poland,Cameroon,43026,10,-1,-10,34,83,240,24,84,250
1,Dominican Republic,South Sudan,43026,11,-3,24,32,82,245,21,85,221
1,Spain,USA,43026,8,3,2,33,85,255,25,82,253
0,USA,USA,43026,-3,-4,-20,26,80,225,29,84,245
1,France,USA,43026,-7,6,-1,26,86,245,33,80,246
0,Spain,USA,43026,16,0,2,38,84,250,22,84,248
0,USA,Bosnia and Herzegovina,43026,12,1,-35,36,85,240,24,84,275
1,USA,Switzerland,43026,1,2,0,25,84,240,24,82,240
0,Lithuania,USA,43027,-4,0,-10,26,84,265,30,84,275
0,New Zealand,Latvia,43027,2,-3,25,25,84,265,23,87,240
0,USA,USA,43027,0,1,5,30,84,270,30,83,265
1,USA,USA,43028,3,-1,20,32,83,265,29,84,245
0,Lithuania,Bosnia and Herzegovina,43028,-2,-1,-35,22,83,240,24,84,275
1,Cameroon,Dominican Republic,43028,-8,2,5,24,84,250,32,82,245
0,Poland,USA,43028,9,0,-39,34,83,240,25,83,279
0,South Sudan,USA,43028,-9,3,-30,21,85,221,30,82,251
1,Russia,Montenegro,43028,5,1,15,32,85,275,27,84,260
0,USA,France,43028,-4,-2,3,22,84,248,26,86,245
0,USA,USA,43028,-1,-1,-20,24,83,220,25,84,240
1,USA,Russia,43028,-9,-1,-17,25,82,253,34,83,270
0,USA,USA,43028,6,1,-30,36,85,240,30,84,270
0,Lithuania,USA,43029,-5,3,25,26,84,265,31,81,240
0,USA,Montenegro,43029,3,-2,-9,30,82,251,27,84,260
0,USA,Lithuania,43029,2,-3,-5,24,80,235,22,83,240
0,Latvia,USA,43029,-2,4,-39,23,87,240,25,83,279
1,USA,Spain,43029,-8,0,25,30,84,275,38,84,250
0,Switzerland,USA,43029,-2,2,15,24,82,240,26,80,225
1,Spain,Russia,43029,-1,2,-15,33,85,255,34,83,270
1,South Sudan,Bosnia and Herzegovina,43029,-3,1,-54,21,85,221,24,84,275
0,USA,USA,43029,8,-4,6,33,80,246,25,84,240
1,France,New Zealand,43029,1,2,-20,26,86,245,25,84,265
1,USA,USA,43029,-6,-2,25,30,83,265,36,85,240
0,Russia,USA,43030,3,1,30,32,85,275,29,84,245
1,New Zealand,USA,43030,3,0,17,25,84,265,22,84,248
0,USA,Cameroon,43031,1,-1,29,25,83,279,24,84,250
0,USA,USA,43031,-5,-4,-10,24,80,235,29,84,245
0,Switzerland,Spain,43031,-9,-3,-15,24,82,240,33,85,255
0,USA,Russia,43031,-8,-3,-45,26,80,225,34,83,270
1,Spain,Brazil,43031,12,0,30,38,84,250,26,84,220
0,USA,Poland,43031,-1,-3,6,33,80,246,34,83,240
1,USA,USA,43031,11,1,0,36,85,240,25,84,240
0,Canada,USA,43032,-3,-2,-37,27,82,238,30,84,275
0,Montenegro,Russia,43032,-5,-1,-15,27,84,260,32,85,275
1,Dominican Republic,Latvia,43032,9,-5,5,32,82,245,23,87,240
1,USA,Lithuania,43032,0,1,8,22,84,248,22,83,240
0,Bosnia and Herzegovina,USA,43032,-1,2,22,24,84,275,25,82,253
1,USA,France,43032,4,-3,20,30,83,265,26,86,245
1,USA,USA,43033,-1,3,19,32,83,265,33,80,246
0,USA,USA,43033,3,-1,31,25,83,279,22,84,248
1,Cameroon,Switzerland,43033,0,2,10,24,84,250,24,82,240
0,Russia,Canada,43033,5,3,37,32,85,275,27,82,238
0,USA,Spain,43033,-17,-3,5,21,81,255,38,84,250
1,New Zealand,Lithuania,43033,3,1,25,25,84,265,22,83,240
0,USA,Spain,43033,-9,-2,-35,24,83,220,33,85,255
1,USA,France,43033,10,-1,-5,36,85,240,26,86,245
0,Russia,Democratic Republic of Congo,43033,5,1,35,34,83,270,29,82,235
1,USA,Poland,43033,-4,1,30,30,84,270,34,83,240
0,USA,USA,43034,1,0,30,30,84,275,29,84,245
0,Spain,USA,43034,9,2,35,33,85,255,24,83,220
0,South Sudan,Dominican Republic,43034,-11,3,-24,21,85,221,32,82,245
1,Bosnia and Herzegovina,USA,43034,-6,1,10,24,84,275,30,83,265
0,USA,USA,43034,-3,1,-30,25,84,240,28,83,270
1,USA,Switzerland,43035,8,1,25,32,83,265,24,82,240
0,Montenegro,Spain,43035,-11,0,10,27,84,260,38,84,250
1,USA,USA,43035,-4,4,-1,29,84,245,33,80,246
1,Latvia,Russia,43035,-9,2,-35,23,87,240,32,85,275
0,USA,New Zealand,43035,-3,0,-17,22,84,248,25,84,265
1,Russia,Poland,43035,0,0,30,34,83,270,34,83,240
1,USA,Democratic Republic of Congo,43035,1,2,35,30,84,270,29,82,235
1,USA,Canada,43036,-2,0,15,25,82,253,27,82,238
1,USA,Dominican Republic,43036,-11,-1,10,21,81,255,32,82,245
0,USA,New Zealand,43036,5,0,10,30,84,275,25,84,265
1,Spain,Switzerland,43036,9,3,15,33,85,255,24,82,240
0,USA,Cameroon,43036,0,-1,-30,24,83,220,24,84,250
0,France,USA,43036,-4,2,-25,26,86,245,30,84,270
0,Bosnia and Herzegovina,USA,43036,-12,-1,35,24,84,275,36,85,240
1,USA,USA,43036,5,0,-14,30,83,265,25,83,279
1,USA,South Sudan,43037,8,-1,24,29,84,245,21,85,221
0,Lithuania,Spain,43037,-16,-1,-10,22,83,240,38,84,250
1,Russia,USA,43037,-1,5,29,32,85,275,33,80,246
1,USA,Montenegro,43037,5,-1,5,32,83,265,27,84,260
0,USA,Poland,43037,-9,1,0,25,84,240,34,83,240
0,Canada,Latvia,43037,4,-5,-2,27,82,238,23,87,240
0,Russia,USA,43037,9,0,-9,34,83,270,25,83,279
0,Dominican Republic,Spain,43038,-6,-2,-5,32,82,245,38,84,250
0,USA,USA,43038,-1,-3,7,21,81,255,22,84,248
1,Latvia,USA,43038,-10,7,-6,23,87,240,33,80,246
0,Switzerland,Cameroon,43038,0,-2,-10,24,82,240,24,84,250
0,Spain,USA,43038,1,2,-10,33,85,255,32,83,265
1,USA,Montenegro,43038,-2,-2,-7,25,82,253,27,84,260
1,France,USA,43038,2,3,25,26,86,245,24,83,220
1,Bosnia and Herzegovina,Brazil,43038,-2,0,55,24,84,275,26,84,220
1,USA,Russia,43038,-4,0,-5,30,83,265,34,83,270
0,Lithuania,USA,43039,-3,-1,0,22,83,240,25,84,240
1,South Sudan,New Zealand,43039,-4,1,-44,21,85,221,25,84,265
0,USA,USA,43039,5,1,-9,30,84,270,25,83,279
0,USA,USA,43040,5,0,46,32,83,265,27,83,219
1,Canada,Lithuania,43040,5,-1,-2,27,82,238,22,83,240
0,Cameroon,USA,43040,-5,0,5,24,84,250,29,84,245
0,Poland,USA,43040,-2,-2,0,34,83,240,36,85,240
1,Dominican Republic,USA,43040,7,-2,5,32,82,245,25,84,240
1,USA,USA,43040,-1,1,-10,29,85,265,30,84,275
1,Latvia,Switzerland,43040,-1,5,0,23,87,240,24,82,240
0,Spain,Montenegro,43040,6,1,-5,33,85,255,27,84,260
0,USA,USA,43040,3,-2,5,25,82,253,22,84,248
0,USA,Lithuania,43040,7,-4,-19,33,80,246,26,84,265
1,France,Bosnia and Herzegovina,43040,2,2,-30,26,86,245,24,84,275
1,USA,USA,43040,4,3,40,30,83,265,26,80,225
1,Spain,Russia,43041,4,1,-20,38,84,250,34,83,270
0,Bosnia and Herzegovina,USA,43041,-6,0,5,24,84,275,30,84,270
0,Montenegro,USA,43042,-3,0,-15,27,84,260,30,84,275
1,Cameroon,Lithuania,43042,2,1,10,24,84,250,22,83,240
1,Poland,USA,43042,1,3,-10,34,83,240,33,80,250
1,USA,Switzerland,43042,5,2,5,29,84,245,24,82,240
0,Latvia,USA,43042,-13,2,0,23,87,240,36,85,240
0,USA,USA,43042,-1,1,-33,24,83,220,25,82,253
0,Spain,USA,43042,6,1,-15,38,84,250,32,83,265
0,USA,USA,43042,4,-5,-19,33,80,246,29,85,265
0,France,Lithuania,43042,0,2,-20,26,86,245,26,84,265
1,New Zealand,Dominican Republic,43042,-7,2,20,25,84,265,32,82,245
1,USA,Russia,43042,-2,-1,-5,30,84,270,32,85,275
0,USA,Spain,43043,-3,-2,10,30,83,265,33,85,255
1,USA,USA,43043,0,-1,39,25,83,279,25,84,240
1,USA,USA,43043,5,2,22,30,84,275,25,82,253
1,USA,Tunisia,43043,-10,-2,13,22,84,248,32,86,235
0,USA,Russia,43043,-1,-3,-24,33,80,246,34,83,270
0,USA,USA,43044,4,-4,5,33,80,250,29,84,245
0,USA,USA,43044,1,-2,0,30,83,265,29,85,265
0,Montenegro,Dominican Republic,43044,-5,2,15,27,84,260,32,82,245
0,Lithuania,Poland,43044,-8,1,25,26,84,265,34,83,240
1,Switzerland,France,43044,-2,-4,-5,24,82,240,26,86,245
0,Spain,USA,43044,2,-1,10,38,84,250,36,85,240
0,Latvia,USA,43044,1,4,-10,23,87,240,22,83,250
1,USA,USA,43044,-10,1,-17,22,84,248,32,83,265
0,Bosnia and Herzegovina,New Zealand,43044,-1,0,10,24,84,275,25,84,265
1,USA,Spain,43044,-3,-1,15,30,84,270,33,85,255
1,USA,Dominican Republic,43045,-3,2,0,29,84,245,32,82,245
1,USA,Russia,43045,4,0,-35,36,85,240,32,85,275
0,Russia,USA,43045,5,-2,5,34,83,270,29,85,265
0,USA,USA,43046,6,-3,31,33,80,250,27,83,219
1,USA,USA,43046,-3,1,-3,22,83,250,25,82,253
0,Poland,USA,43046,8,3,15,34,83,240,26,80,225
0,Latvia,USA,43046,-9,4,-25,23,87,240,32,83,265
0,Lithuania,USA,43046,-4,0,-10,26,84,265,30,84,275
0,Spain,USA,43046,8,1,-15,38,84,250,30,83,265
0,USA,Russia,43046,1,-5,-29,33,80,246,32,85,275
1,France,USA,43046,2,4,5,26,86,245,24,82,240
0,Bosnia and Herzegovina,Spain,43046,-9,-1,20,24,84,275,33,85,255
0,USA,New Zealand,43046,0,0,-25,25,84,240,25,84,265
1,USA,USA,43047,3,0,29,25,83,279,22,83,250
0,Montenegro,USA,43047,1,1,10,27,84,260,26,83,250
0,Australia,USA,43047,1,-2,-10,31,82,260,30,84,270
0,Ukraine,USA,43047,-4,0,-15,25,85,250,29,85,265
0,Russia,USA,43047,12,-1,22,34,83,270,22,84,248
1,Poland,USA,43048,4,-1,-30,34,83,240,30,84,270
1,Lithuania,USA,43048,1,2,12,26,84,265,25,82,253
1,Switzerland,USA,43048,-6,0,-11,24,82,240,30,82,251
0,USA,Cameroon,43048,1,0,-10,25,84,240,24,84,250
0,USA,New Zealand,43048,8,-4,-19,33,80,246,25,84,265
1,USA,USA,43049,-4,-1,34,25,83,279,29,84,245
1,Australia,USA,43049,-1,-1,-5,31,82,260,32,83,265
1,USA,USA,43049,8,1,25,30,84,275,22,83,250
0,USA,USA,43049,-7,1,-10,23,84,255,30,83,265
1,Spain,USA,43049,11,1,31,38,84,250,27,83,219
0,Ukraine,Montenegro,43049,-2,1,-10,25,85,250,27,84,260
1,France,USA,43049,-3,1,-20,26,86,245,29,85,265
1,Bosnia and Herzegovina,Russia,43049,-8,-1,0,24,84,275,32,85,275
1,Poland,USA,43050,5,-1,-5,34,83,240,29,84,245
0,USA,USA,43050,-5,-1,-12,25,82,253,30,83,265
1,Latvia,USA,43050,-2,3,0,23,87,240,25,84,240
1,Switzerland,Spain,43050,-9,-3,-15,24,82,240,33,85,255
0,USA,USA,43050,-4,-2,-26,26,80,225,30,82,251
0,USA,USA,43050,-3,-1,-51,27,83,219,30,84,270
1,Spain,USA,43050,8,0,-25,38,84,250,30,84,275
1,Russia,Cameroon,43050,10,-1,20,34,83,270,24,84,250
0,USA,Montenegro,43050,6,-4,-14,33,80,246,27,84,260
0,USA,USA,43050,14,1,-8,36,85,240,22,84,248
1,USA,Russia,43050,-5,-3,-10,27,82,265,32,85,275
0,Dominican Republic,Lithuania,43051,6,-2,-20,32,82,245,26,84,265
1,USA,USA,43051,-4,-2,14,25,83,279,29,85,265
0,USA,Switzerland,43051,-2,1,10,22,83,250,24,82,240
1,USA,USA,43051,-3,4,30,23,84,255,26,80,225
1,Poland,USA,43052,9,-1,0,34,83,240,25,84,240
1,Latvia,USA,43052,-7,5,-11,23,87,240,30,82,251
0,USA,Spain,43052,-6,-2,-36,27,83,219,33,85,255
1,USA,USA,43052,-4,-2,8,25,82,253,29,84,245
0,USA,USA,43052,6,1,-30,36,85,240,30,84,270
1,USA,USA,43052,5,-2,17,27,82,265,22,84,248
1,Bosnia and Herzegovina,USA,43052,-9,4,29,24,84,275,33,80,246
0,Russia,Montenegro,43052,7,-1,10,34,83,270,27,84,260
0,USA,Cameroon,43052,6,-1,15,30,83,265,24,84,250
0,USA,Dominican Republic,43053,-2,-2,-17,30,80,228,32,82,245
1,Switzerland,Lithuania,43053,-2,-2,-25,24,82,240,26,84,265
0,USA,Spain,43053,-12,-4,-25,26,80,225,38,84,250
1,USA,USA,43054,4,0,5,29,84,245,25,84,240
0,USA,Poland,43054,-5,2,25,29,85,265,34,83,240
1,Latvia,USA,43054,-4,5,-25,23,87,240,27,82,265
1,USA,USA,43054,2,1,14,32,83,265,30,82,251
1,Spain,USA,43054,11,2,5,33,85,255,22,83,250
0,USA,USA,43054,2,0,-60,27,83,219,25,83,279
1,USA,Spain,43054,-16,0,-2,22,84,248,38,84,250
1,USA,Lithuania,43054,-1,-2,-12,25,82,253,26,84,265
0,USA,USA,43054,-7,0,-20,23,84,255,30,84,275
1,Bosnia and Herzegovina,Montenegro,43054,-3,0,15,24,84,275,27,84,260
0,USA,Cameroon,43054,6,0,20,30,84,270,24,84,250
1,USA,Switzerland,43055,4,1,25,28,83,265,24,82,240
0,USA,USA,43056,-3,0,-29,22,83,250,25,83,279
1,Poland,USA,43056,5,-2,-25,34,83,240,29,85,265
1,USA,USA,43056,3,-2,-37,30,80,228,27,82,265
0,USA,USA,43056,0,-1,-14,30,82,251,30,83,265
0,Lithuania,Latvia,43056,3,-3,25,26,84,265,23,87,240
1,USA,USA,43056,-2,1,10,30,84,275,32,83,265
1,Spain,New Zealand,43056,13,0,-15,38,84,250,25,84,265
0,Germany,USA,43056,4,-1,-8,26,83,240,22,84,248
0,Haiti,Bosnia and Herzegovina,43056,-2,-1,-40,22,83,235,24,84,275
0,USA,USA,43056,8,-2,-7,33,80,246,25,82,253
1,USA,USA,43056,2,1,5,30,84,270,28,83,265
0,USA,USA,43057,2,0,0,32,83,265,30,83,265
1,Montenegro,USA,43057,0,2,-5,27,84,260,27,82,265
1,USA,Dominican Republic,43057,-3,2,0,29,84,245,32,82,245
1,Cameroon,Russia,43057,-10,1,-20,24,84,250,34,83,270
1,Spain,Switzerland,43057,9,3,15,33,85,255,24,82,240
0,Germany,USA,43057,-1,0,21,26,83,240,27,83,219
1,Bosnia and Herzegovina,Haiti,43057,2,1,40,24,84,275,22,83,235
0,USA,USA,43058,7,2,15,29,85,265,22,83,250
1,USA,Russia,43058,-4,-3,-42,30,80,228,34,83,270
0,Lithuania,Poland,43058,-8,1,25,26,84,265,34,83,240
0,USA,USA,43058,-3,1,-31,22,84,248,25,83,279
0,USA,USA,43058,-2,-1,-10,28,83,265,30,84,275
1,USA,USA,43058,-3,4,24,30,84,270,33,80,246
1,USA,USA,43059,10,-1,17,32,83,265,22,84,248
1,USA,USA,43059,-5,1,28,25,83,279,30,82,251
0,Montenegro,USA,43059,5,1,10,27,84,260,22,83,250
1,Cameroon,USA,43059,-3,2,-15,24,84,250,27,82,265
1,Latvia,USA,43059,-7,4,-25,23,87,240,30,83,265
0,Spain,Bosnia and Herzegovina,43059,9,1,-20,33,85,255,24,84,275
0,USA,Poland,43059,-7,0,-21,27,83,219,34,83,240
0,USA,New Zealand,43059,0,-2,-12,25,82,253,25,84,265
0,Germany,Dominican Republic,43059,-6,1,-5,26,83,240,32,82,245
1,Spain,USA,43059,9,0,5,38,84,250,29,84,245
1,Haiti,USA,43059,-6,3,15,22,83,235,28,80,220
1,USA,USA,43060,0,0,-5,30,84,270,30,84,275
0,USA,Poland,43061,-2,0,25,32,83,265,34,83,240
1,USA,USA,43061,2,-2,-8,30,82,251,28,84,259
1,Cameroon,Bosnia and Herzegovina,43061,0,0,-25,24,84,250,24,84,275
0,USA,USA,43061,-9,-1,-30,21,82,235,30,83,265
1,USA,Dominican Republic,43061,-3,3,20,29,85,265,32,82,245
0,Latvia,Lithuania,43061,-3,3,-25,23,87,240,26,84,265
1,Spain,Germany,43061,7,2,15,33,85,255,26,83,240
0,USA,Montenegro,43061,-5,0,-12,22,84,248,27,84,260
0,USA,Spain,43061,-13,-2,3,25,82,253,38,84,250
1,New Zealand,Russia,43061,-9,1,-5,25,84,265,34,83,270
1,USA,South Sudan,43061,15,0,19,36,85,240,21,85,221
1,USA,USA,43061,-3,-2,-10,27,82,265,30,84,275
1,Haiti,USA,43061,-8,-1,-35,22,83,235,30,84,270
1,USA,Bosnia and Herzegovina,43063,4,0,-16,28,84,259,24,84,275
0,USA,Latvia,43063,6,-3,5,29,84,245,23,87,240
0,Dominican Republic,Montenegro,43063,5,-2,-15,32,82,245,27,84,260
0,USA,USA,43063,-2,-1,-14,30,82,251,32,83,265
0,USA,Lithuania,43063,-4,-1,-15,22,83,250,26,84,265
1,USA,USA,43063,-7,-1,-17,22,84,248,29,85,265
1,New Zealand,USA,43063,0,1,-14,25,84,265,25,83,279
0,USA,Spain,43063,-5,-5,-35,28,80,220,33,85,255
0,USA,USA,43063,11,3,-13,36,85,240,25,82,253
0,Russia,USA,43063,4,-1,-5,34,83,270,30,84,275
1,USA,Spain,43064,-6,-1,15,32,83,265,38,84,250
1,Cameroon,Montenegro,43064,-3,0,-10,24,84,250,27,84,260
0,Poland,Bosnia and Herzegovina,43064,10,-1,-35,34,83,240,24,84,275
0,USA,Lithuania,43064,3,0,-20,29,84,245,26,84,265
1,USA,Germany,43064,-4,3,7,22,83,250,26,80,243
0,Switzerland,USA,43064,-4,0,-10,24,82,240,28,82,250
1,Germany,New Zealand,43064,1,-1,-25,26,83,240,25,84,265
0,Russia,USA,43064,9,1,17,34,83,270,25,82,253
0,USA,USA,43064,0,-1,46,27,82,265,27,83,219
0,Haiti,USA,43064,-8,0,-30,22,83,235,30,83,265
1,USA,USA,43065,-6,1,-17,22,84,248,28,83,265
1,Spain,USA,43065,5,1,-4,33,85,255,28,84,259
0,USA,Montenegro,43066,-5,-1,-10,22,83,250,27,84,260
1,Cameroon,USA,43066,-6,2,-1,24,84,250,30,82,251
0,Dominican Republic,USA,43066,7,-1,-34,32,82,245,25,83,279
0,Latvia,Bosnia and Herzegovina,43066,-1,3,-35,23,87,240,24,84,275
1,Switzerland,USA,43066,-4,-2,-19,24,82,240,28,84,259
1,Spain,Germany,43066,12,1,10,38,84,250,26,83,240
0,Russia,Haiti,43066,12,0,35,34,83,270,22,83,235
1,USA,USA,43066,0,-1,-5,30,83,265,30,84,270
0,USA,USA,43067,1,-3,-14,30,82,251,29,85,265
0,USA,USA,43067,-6,-1,35,30,84,275,36,85,240
1,USA,Poland,43067,-12,1,8,22,84,248,34,83,240
1,USA,USA,43067,-1,2,45,27,82,265,28,80,220
1,Haiti,USA,43067,-5,0,16,22,83,235,27,83,219
1,USA,USA,43068,-3,0,14,25,83,279,28,83,265
1,Montenegro,New Zealand,43068,2,0,-5,27,84,260,25,84,265
0,Cameroon,Poland,43068,-10,1,10,24,84,250,34,83,240
1,Latvia,USA,43068,2,6,-15,23,87,240,21,81,255
1,Lithuania,USA,43068,-6,1,0,26,84,265,32,83,265
1,Switzerland,USA,43068,2,-1,-10,24,82,240,22,83,250
1,USA,USA,43068,3,-2,5,25,82,253,22,84,248
0,Spain,Spain,43068,5,-1,-5,38,84,250,33,85,255
0,USA,Russia,43068,-4,1,0,30,84,270,34,83,270
1,USA,USA,43069,-9,0,-16,21,82,235,30,82,251
0,Dominican Republic,USA,43069,1,1,5,32,82,245,31,81,240
0,Serbia,USA,43069,-7,0,-25,23,84,250,30,84,275
0,Bosnia and Herzegovina,USA,43069,-3,1,56,24,84,275,27,83,219
1,USA,USA,43069,3,1,0,30,83,265,27,82,265
0,Montenegro,Russia,43070,-7,1,-10,27,84,260,34,83,270
0,Lithuania,USA,43070,4,1,15,26,84,265,22,83,250
0,Poland,USA,43070,9,0,-39,34,83,240,25,83,279
0,USA,USA,43070,-11,-2,-10,21,81,255,32,83,265
0,USA,Haiti,43070,8,1,40,30,84,275,22,83,235
0,Spain,Spain,43070,-5,1,5,33,85,255,38,84,250
1,New Zealand,USA,43070,3,0,17,25,84,265,22,84,248
0,USA,USA,43070,2,0,12,27,82,265,25,82,253
1,Dominican Republic,USA,43071,-4,-3,5,32,82,245,36,85,240
0,Germany,USA,43071,-4,0,-25,26,83,240,30,83,265
0,USA,USA,43071,-2,1,10,28,84,259,30,83,249
0,USA,Spain,43071,-3,-3,-4,30,82,251,33,85,255
1,Cameroon,USA,43071,-1,1,-29,24,84,250,25,83,279
0,USA,Greece,43071,-2,-1,-26,27,83,219,29,84,245
0,USA,USA,43071,-2,-1,-35,28,83,235,30,84,270
1,Bosnia and Herzegovina,USA,43071,-4,1,5,24,84,275,28,83,270
0,USA,Montenegro,43072,-1,-1,-10,26,83,250,27,84,260
1,USA,Russia,43072,-13,-2,-15,21,81,255,34,83,270
0,USA,USA,43072,-8,1,-17,22,84,248,30,83,265
0,New Zealand,Spain,43072,-13,0,15,25,84,265,38,84,250
0,USA,Switzerland,43072,6,2,30,30,84,270,24,82,240
1,USA,Montenegro,43073,5,-1,5,32,83,265,27,84,260
0,USA,USA,43073,-4,0,0,22,83,250,26,83,250
0,Cameroon,USA,43073,-12,-1,10,24,84,250,36,85,240
1,USA,USA,43073,2,-1,-10,30,83,249,28,84,259
1,Dominican Republic,USA,43073,5,-1,26,32,82,245,27,83,219
1,USA,USA,43073,0,2,24,30,84,275,30,82,251
1,Spain,USA,43073,11,1,7,33,85,255,22,84,248
1,USA,USA,43073,-2,-1,0,28,83,270,30,84,270
1,Germany,USA,43073,-2,0,5,26,83,240,28,83,235
1,Spain,USA,43073,13,1,-29,38,84,250,25,83,279
0,France,Poland,43073,-8,3,5,26,86,245,34,83,240
1,Lithuania,USA,43074,-2,1,0,26,84,265,28,83,265
1,New Zealand,France,43074,-1,-2,20,25,84,265,26,86,245
0,Bosnia and Herzegovina,Poland,43074,-10,1,35,24,84,275,34,83,240
0,USA,USA,43075,5,1,36,30,82,251,25,81,215
0,USA,USA,43075,-8,-1,-25,22,83,250,30,84,275
1,Montenegro,USA,43075,-3,1,11,27,84,260,30,83,249
0,Dominican Republic,Germany,43075,6,-1,5,32,82,245,26,83,240
0,Latvia,Spain,43075,-10,2,-15,23,87,240,33,85,255
0,USA,Russia,43075,-2,0,-5,32,83,265,34,83,270
1,USA,USA,43075,2,0,-60,27,83,219,25,83,279
1,USA,USA,43075,0,3,50,28,83,270,28,80,220
0,Spain,Canada,43075,11,0,10,38,84,250,27,84,240
0,Cameroon,USA,43076,-6,0,-20,24,84,250,30,84,270
0,USA,Poland,43076,-13,-1,0,21,82,240,34,83,240
1,USA,New Zealand,43076,3,0,-6,28,84,259,25,84,265
1,France,Switzerland,43076,2,4,5,26,86,245,24,82,240
1,USA,USA,43077,2,-1,-10,32,83,265,30,84,275
1,USA,USA,43077,-5,-1,9,25,83,279,30,84,270
1,USA,USA,43077,-8,1,-1,22,83,250,30,82,251
1,Montenegro,USA,43077,-1,1,25,27,84,260,28,83,235
0,Spain,Lithuania,43077,7,1,-10,33,85,255,26,84,265
1,USA,Germany,43077,1,0,-21,27,83,219,26,83,240
1,USA,USA,43077,0,1,38,25,82,253,25,81,215
1,Spain,Dominican Republic,43077,6,2,5,38,84,250,32,82,245
1,USA,Canada,43078,1,0,19,28,84,259,27,84,240
1,USA,USA,43078,2,-1,-5,32,83,265,30,84,270
0,Croatia,USA,43078,-10,2,14,21,83,254,31,81,240
1,USA,Latvia,43078,7,-3,35,30,84,275,23,87,240
1,USA,France,43078,1,-3,-26,27,83,219,26,86,245
0,Spain,New Zealand,43078,8,1,-10,33,85,255,25,84,265
0,USA,USA,43078,3,2,-20,36,85,240,33,83,260
1,USA,Switzerland,43078,2,2,20,26,84,260,24,82,240
0,Haiti,Lithuania,43079,-4,-1,-30,22,83,235,26,84,265
1,USA,Dominican Republic,43079,-7,1,34,25,83,279,32,82,245
0,USA,USA,43079,-6,0,15,22,83,250,28,83,235
1,USA,Germany,43079,-4,1,8,22,84,248,26,83,240
1,USA,USA,43079,-6,1,13,25,82,253,31,81,240
0,Latvia,USA,43079,-7,4,-9,23,87,240,30,83,249
1,USA,Dominican Republic,43080,-2,2,30,30,84,275,32,82,245
0,Switzerland,USA,43080,-4,-1,-30,24,82,240,28,83,270
1,Spain,Canada,43080,6,1,15,33,85,255,27,84,240
0,New Zealand,USA,43080,-7,1,0,25,84,265,32,83,265
1,USA,USA,43080,-3,-3,-36,23,81,224,26,84,260
0,USA,Lithuania,43080,4,-1,0,30,83,265,26,84,265
1,USA,USA,43081,6,1,13,30,82,251,24,81,238
0,USA,USA,43081,-3,0,44,25,83,279,28,83,235
0,Latvia,USA,43081,-7,3,-30,23,87,240,30,84,270
0,USA,Poland,43081,-6,1,19,28,84,259,34,83,240
1,USA,Cameroon,43081,-2,0,-2,22,84,248,24,84,250
0,Germany,Spain,43081,-12,-1,-10,26,83,240,38,84,250
1,Haiti,USA,43081,-14,-2,-5,22,83,235,36,85,240
0,USA,New Zealand,43082,-3,-1,-15,22,83,250,25,84,265
1,Montenegro,USA,43082,-3,1,-5,27,84,260,30,83,265
0,Poland,Spain,43082,1,-2,-15,34,83,240,33,85,255
1,Australia,USA,43082,3,-1,25,31,82,260,28,83,235
0,Canada,USA,43082,7,0,5,27,84,240,20,84,235
1,USA,France,43082,4,-2,30,30,84,275,26,86,245
0,USA,USA,43082,-2,-1,34,25,82,253,27,83,219
1,USA,Lithuania,43082,-5,-2,-25,21,82,240,26,84,265
0,Switzerland,USA,43082,-8,-1,-25,24,82,240,32,83,265
1,USA,USA,43083,5,0,-30,30,83,249,25,83,279
0,USA,Latvia,43083,5,-3,19,28,84,259,23,87,240
0,USA,USA,43083,0,-2,-19,30,82,251,30,84,270
0,USA,Haiti,43083,0,1,13,22,84,248,22,83,235
1,USA,Germany,43083,-3,-2,-16,23,81,224,26,83,240
1,USA,Canada,43084,5,-1,25,32,83,265,27,84,240
0,USA,USA,43084,-3,0,-29,22,83,250,25,83,279
0,Montenegro,Bosnia and Herzegovina,43084,3,0,-15,27,84,260,24,84,275
0,Cameroon,New Zealand,43084,-1,0,-15,24,84,250,25,84,265
1,Poland,USA,43084,4,0,-25,34,83,240,30,83,265
0,Dominican Republic,France,43084,6,-4,0,32,82,245,26,86,245
1,Lithuania,USA,43084,-2,0,6,26,84,265,28,84,259
0,USA,USA,43084,-3,-1,-56,27,83,219,30,84,275
1,USA,USA,43084,3,1,-18,28,83,235,25,82,253
0,Switzerland,Spain,43084,-14,-2,-10,24,82,240,38,84,250
1,USA,Bosnia and Herzegovina,43085,8,-1,-10,32,83,265,24,84,275
0,USA,NBA,43085,-1,0,6,30,82,251,31,82,245
1,USA,USA,43085,3,-1,-5,26,83,250,23,84,255
0,Canada,USA,43085,-3,1,-25,27,84,240,30,83,265
0,USA,USA,43085,3,-1,21,30,82,240,27,83,219
1,USA,USA,43085,-14,-1,8,22,84,248,36,85,240
1,Spain,Germany,43085,12,1,10,38,84,250,26,83,240
0,Spain,Dominican Republic,43085,1,3,10,33,85,255,32,82,245
0,Lithuania,Greece,43086,-3,0,20,26,84,265,29,84,245
1,USA,Montenegro,43086,-2,-1,19,25,83,279,27,84,260
1,USA,USA,43086,6,1,9,28,84,259,22,83,250
1,Poland,USA,43086,4,1,-11,34,83,240,30,82,251
1,USA,USA,43087,6,0,15,32,83,265,26,83,250
0,USA,Dominican Republic,43087,-10,1,5,22,83,250,32,82,245
1,USA,USA,43087,9,2,-6,30,83,249,21,81,255
1,USA,USA,43087,-1,3,35,30,84,275,31,81,240
0,Switzerland,NBA,43087,-7,0,-5,24,82,240,31,82,245
0,USA,Bosnia and Herzegovina,43087,-2,0,-27,22,84,248,24,84,275
0,USA,USA,43087,-5,1,20,23,84,255,28,83,235
0,Germany,USA,43087,-10,-2,0,26,83,240,36,85,240
1,Spain,USA,43087,8,1,-15,38,84,250,30,83,265
0,USA,USA,43087,0,0,0,30,84,270,30,84,270
1,USA,USA,43088,6,-3,0,31,81,240,25,84,240
0,Poland,USA,43088,9,1,-13,34,83,240,25,82,253
1,USA,USA,43088,-3,1,-32,27,83,219,30,82,251
1,USA,Lithuania,43089,6,-1,0,32,83,265,26,84,265
0,USA,USA,43089,8,0,-1,30,83,249,22,83,250
1,Dominican Republic,USA,43089,11,1,-10,32,82,245,21,81,255
1,USA,USA,43089,3,0,19,28,84,259,25,84,240
1,USA,Montenegro,43089,3,0,15,30,84,275,27,84,260
1,Brazil,Australia,43089,3,-1,-10,36,83,250,33,84,260
1,New Zealand,USA,43089,-2,2,0,25,84,265,27,82,265
0,Germany,USA,43089,1,0,-39,26,83,240,25,83,279
1,USA,USA,43089,6,-1,-13,28,83,235,22,84,248
0,Bosnia and Herzegovina,Spain,43089,-14,0,25,24,84,275,38,84,250
0,USA,Spain,43089,-3,-1,15,30,84,270,33,85,255
1,USA,USA,43089,-6,-2,25,30,83,265,36,85,240
1,USA,USA,43090,5,0,-20,35,84,255,30,84,275
1,USA,Lithuania,43090,5,-3,-25,31,81,240,26,84,265
1,Latvia,Dominican Republic,43090,-9,5,-5,23,87,240,32,82,245
0,USA,Spain,43090,-12,-3,-15,21,82,240,33,85,255
1,USA,France,43090,0,-1,5,27,82,265,27,83,260
1,USA,Latvia,43091,2,-4,39,25,83,279,23,87,240
0,Montenegro,USA,43091,2,2,7,27,84,260,25,82,253
0,USA,Poland,43091,-6,1,19,28,84,259,34,83,240
1,USA,Germany,43091,-5,-2,15,21,81,255,26,83,240
0,Brazil,USA,43091,6,0,-15,36,83,250,30,83,265
1,USA,USA,43091,-5,0,-46,27,83,219,32,83,265
1,Bosnia and Herzegovina,USA,43091,-4,1,40,24,84,275,28,83,235
0,USA,Australia,43091,-10,-3,-36,23,81,224,33,84,260
0,Lithuania,Cameroon,43092,2,0,15,26,84,265,24,84,250
1,USA,USA,43092,5,0,46,32,83,265,27,83,219
0,USA,USA,43092,-6,-1,-9,22,83,250,28,84,259
1,Poland,Montenegro,43092,7,-1,-20,34,83,240,27,84,260
1,USA,Germany,43092,4,0,9,30,83,249,26,83,240
0,Dominican Republic,USA,43092,2,-2,-30,32,82,245,30,84,275
0,USA,USA,43092,-4,-1,2,21,81,255,25,82,253
0,Spain,USA,43092,3,2,-10,33,85,255,30,83,265
1,USA,New Zealand,43092,2,-2,0,27,82,265,25,84,265
1,USA,USA,43092,-5,-2,-11,23,81,224,28,83,235
0,USA,USA,43092,14,1,-8,36,85,240,22,84,248
0,Australia,Bosnia and Herzegovina,43092,9,0,-15,33,84,260,24,84,275
0,USA,Spain,43092,-13,0,-10,25,84,240,38,84,250
1,Latvia,Cameroon,43094,-1,3,-10,23,87,240,24,84,250
1,USA,USA,43094,-7,-1,-27,23,81,224,30,82,251
0,Dominican Republic,Poland,43094,-2,-1,5,32,82,245,34,83,240
1,New Zealand,Switzerland,43094,1,2,25,25,84,265,24,82,240
1,Australia,USA,43094,11,0,12,33,84,260,22,84,248
0,USA,USA,43095,3,0,29,25,83,279,22,83,250
1,Germany,Lithuania,43095,0,-1,-25,26,83,240,26,84,265
1,USA,Democratic Republic of Congo,43095,3,4,10,29,85,265,26,81,255
1,USA,USA,43095,-3,-1,-56,27,83,219,30,84,275
1,Spain,USA,43095,10,0,-9,38,84,250,28,84,259
0,USA,USA,43095,1,1,-30,28,83,235,27,82,265
1,USA,Spain,43095,3,0,-15,36,85,240,33,85,255
1,USA,USA,43095,5,-1,25,30,83,265,25,84,240
0,USA,Dominican Republic,43096,0,1,20,32,83,265,32,82,245
0,USA,Germany,43096,-4,0,10,22,83,250,26,83,240
0,USA,Poland,43096,-4,0,9,30,83,249,34,83,240
1,USA,Latvia,43096,7,-3,35,30,84,275,23,87,240
1,USA,USA,43096,-6,1,13,22,84,248,28,83,235
1,USA,USA,43096,-3,-2,-6,25,82,253,28,84,259
1,New Zealand,Lithuania,43096,-1,0,0,25,84,265,26,84,265
0,USA,USA,43096,7,-1,-1,37,81,250,30,82,251
1,Russia,USA,43096,7,1,5,34,83,270,27,82,265
0,Australia,Spain,43096,0,-1,5,33,84,260,33,85,255
0,Democratic Republic of Congo,USA,43097,1,-2,-24,26,81,255,25,83,279
0,Dominican Republic,Brazil,43097,-4,-1,-5,32,82,245,36,83,250
1,USA,USA,43097,5,-1,-29,27,83,219,22,84,248
1,Spain,Latvia,43097,15,-3,10,38,84,250,23,87,240
1,Bosnia and Herzegovina,Cameroon,43097,0,0,25,24,84,275,24,84,250
1,Poland,USA,43098,4,1,0,34,83,240,30,82,240
0,Lithuania,USA,43098,-4,1,16,26,84,265,30,83,249
1,USA,USA,43098,1,1,6,29,85,265,28,84,259
0,USA,USA,43098,8,1,25,30,84,275,22,83,250
0,USA,Germany,43098,-1,-1,13,25,82,253,26,83,240
0,New Zealand,USA,43098,-2,1,46,25,84,265,27,83,219
1,Haiti,USA,43098,-14,-2,-5,22,83,235,36,85,240
0,Russia,USA,43098,2,0,5,34,83,270,32,83,265
0,USA,USA,43098,-7,-2,-15,23,81,250,30,83,265
0,USA,Spain,43099,-13,-1,29,25,83,279,38,84,250
0,Democratic Republic of Congo,USA,43099,-3,-4,-10,26,81,255,29,85,265
0,USA,Latvia,43099,2,-5,13,25,82,253,23,87,240
1,USA,Bosnia and Herzegovina,43099,6,-1,-26,30,83,249,24,84,275
1,USA,USA,43099,-3,0,14,27,82,265,30,82,251
1,Russia,Spain,43099,1,-2,15,34,83,270,33,85,255
0,USA,USA,43099,-3,2,-5,28,83,235,31,81,240
0,Poland,USA,43100,4,-1,-35,34,83,240,30,84,275
1,USA,USA,43100,0,-1,2,22,83,250,22,84,248
1,Dominican Republic,USA,43100,4,-2,-14,32,82,245,28,84,259
1,Switzerland,USA,43100,1,1,-10,24,82,240,23,81,250
1,New Zealand,Germany,43100,-1,1,25,25,84,265,26,83,240
0,USA,USA,43100,-2,0,0,30,83,265,32,83,265
0,Greece,Spain,43100,-4,-1,-10,29,84,245,33,85,255
0,USA,Cameroon,43100,12,1,-10,36,85,240,24,84,250
1,USA,Democratic Republic of Congo,43101,2,3,4,28,84,259,26,81,255
0,Lithuania,USA,43101,-1,1,46,26,84,265,27,83,219
0,USA,Bosnia and Herzegovina,43101,6,0,0,30,84,275,24,84,275
1,USA,USA,43101,-1,3,-2,22,84,248,23,81,250
0,USA,Bosnia and Herzegovina,43102,6,-2,-24,30,82,251,24,84,275
1,Latvia,Spain,43102,-15,3,-10,23,87,240,38,84,250
0,USA,USA,43102,6,2,-9,36,85,240,30,83,249
0,Haiti,USA,43102,-10,0,-30,22,83,235,32,83,265
1,USA,Spain,43102,-3,-2,10,30,83,265,33,85,255
0,Democratic Republic of Congo,Switzerland,43103,2,-1,15,26,81,255,24,82,240
0,Cameroon,Spain,43103,-14,0,0,24,84,250,38,84,250
1,Poland,Latvia,43103,11,-4,0,34,83,240,23,87,240
0,USA,USA,43103,6,0,11,28,84,259,22,84,248
1,USA,Serbia,43103,-1,-2,-25,29,85,265,30,87,290
1,Dominican Republic,USA,43103,2,0,-6,32,82,245,30,82,251
0,USA,Lithuania,43103,4,0,10,30,84,275,26,84,265
1,USA,USA,43103,5,0,-31,27,83,219,22,83,250
0,Germany,Russia,43103,-8,0,-30,26,83,240,34,83,270
1,USA,USA,43103,7,1,-5,28,83,235,21,82,240
0,USA,USA,43103,2,0,12,27,82,265,25,82,253
1,USA,New Zealand,43103,-2,-3,-15,23,81,250,25,84,265
1,Switzerland,Russia,43104,-10,-1,-30,24,82,240,34,83,270
0,USA,New Zealand,43104,5,-1,0,30,83,265,25,84,265
0,USA,Latvia,43105,6,-2,25,29,85,265,23,87,240
0,Cameroon,USA,43105,-1,1,-29,24,84,250,25,83,279
0,Dominican Republic,USA,43105,10,-2,-3,32,82,245,22,84,248
0,USA,Lithuania,43105,1,-1,-46,27,83,219,26,84,265
0,Germany,USA,43105,-4,-1,-35,26,83,240,30,84,275
1,Spain,USA,43105,2,-1,10,38,84,250,36,85,240
0,USA,USA,43105,1,1,-30,28,83,235,27,82,265
0,Spain,Poland,43105,-1,2,15,33,85,255,34,83,240
1,Bosnia and Herzegovina,USA,43105,-6,1,26,24,84,275,30,83,249
0,USA,USA,43105,-2,1,5,30,84,270,32,83,265
0,USA,Russia,43106,-4,0,-5,30,83,265,34,83,270
1,USA,Australia,43106,-3,2,-1,28,84,259,31,82,260
0,USA,Switzerland,43106,2,0,0,26,82,240,24,82,240
0,USA,USA,43106,-8,-1,-25,22,83,250,30,84,275
1,Democratic Republic of Congo,USA,43106,-4,-1,4,26,81,255,30,82,251
1,Poland,USA,43106,7,0,21,34,83,240,27,83,219
1,USA,USA,43106,-3,2,-5,22,84,248,25,82,253
1,Haiti,USA,43106,-6,0,0,22,83,235,28,83,235
1,USA,USA,43107,2,3,0,29,85,265,27,82,265
0,Germany,Latvia,43107,3,-4,0,26,83,240,23,87,240
0,USA,New Zealand,43107,11,1,-25,36,85,240,25,84,265
0,Bosnia and Herzegovina,Spain,43107,-14,0,25,24,84,275,38,84,250
0,USA,USA,43107,0,1,21,30,84,270,30,83,249
1,USA,USA,43108,-5,0,31,22,83,250,27,83,219
1,USA,Lithuania,43108,2,0,-6,28,84,259,26,84,265
1,USA,Switzerland,43108,6,2,35,30,84,275,24,82,240
0,USA,USA,43108,-8,2,-3,22,84,248,30,82,251
0,USA,USA,43108,0,-1,-26,25,82,253,25,83,279
0,USA,Spain,43108,-13,0,-10,25,84,240,38,84,250
1,Russia,USA,43108,6,0,35,34,83,270,28,83,235
1,USA,USA,43108,0,0,16,30,83,265,30,83,249
1,Lithuania,USA,43109,-3,-1,0,26,84,265,29,85,265
1,New Zealand,Bosnia and Herzegovina,43109,1,0,-10,25,84,265,24,84,275
0,Germany,Democratic Republic of Congo,43109,0,2,-15,26,83,240,26,81,255
1,USA,USA,43109,5,0,30,30,84,270,25,84,240
1,USA,USA,43110,6,3,40,32,83,265,26,80,225
0,Lithuania,USA,43110,-7,-2,-25,22,83,240,29,85,265
1,Poland,NBA,43110,3,1,-5,34,83,240,31,82,245
1,USA,USA,43110,3,1,-20,28,84,259,25,83,279
1,Latvia,USA,43110,-7,3,-35,23,87,240,30,84,275
1,Switzerland,Bosnia and Herzegovina,43110,0,-2,-35,24,82,240,24,84,275
1,Spain,USA,43110,5,2,-15,33,85,255,28,83,270
0,USA,Democratic Republic of Congo,43110,1,2,-36,27,83,219,26,81,255
0,USA,New Zealand,43110,-3,0,-17,22,84,248,25,84,265
1,USA,USA,43110,-2,0,-14,28,83,235,30,83,249
0,Russia,USA,43110,4,0,5,34,83,270,30,83,265
1,Cameroon,Dominican Republic,43111,-8,2,5,24,84,250,32,82,245
1,Lithuania,USA,43111,-4,2,14,26,84,265,30,82,251
0,USA,USA,43111,-5,1,-25,25,84,240,30,83,265
1,USA,Spain,43111,-8,0,20,30,84,270,38,84,250
1,USA,USA,43112,5,1,0,32,83,265,27,82,265
0,Lithuania,USA,43112,-8,1,-11,22,83,240,30,82,251
1,USA,Democratic Republic of Congo,43112,-1,-1,-57,25,80,198,26,81,255
1,USA,USA,43112,2,-1,-10,30,83,249,28,84,259
1,USA,Russia,43112,-7,0,-51,27,83,219,34,83,270
1,USA,Latvia,43112,-1,-3,8,22,84,248,23,87,240
0,USA,Bosnia and Herzegovina,43112,1,-2,-22,25,82,253,24,84,275
0,USA,Spain,43112,-5,-2,-20,28,83,235,33,85,255
1,USA,Switzerland,43112,12,3,0,36,85,240,24,82,240
0,USA,USA,43113,-4,-4,-45,26,80,225,30,84,270
0,USA,USA,43113,3,-1,5,28,83,245,25,84,240
0,USA,New Zealand,43113,7,-1,0,32,83,265,25,84,265
1,Poland,USA,43113,11,4,23,34,83,240,23,79,217
1,Lithuania,Russia,43113,-8,1,-5,26,84,265,34,83,270
0,USA,USA,43113,5,1,-4,30,84,275,25,83,279
1,Spain,USA,43113,10,1,15,38,84,250,28,83,235
1,USA,USA,43114,2,2,46,29,85,265,27,83,219
1,Latvia,USA,43114,-2,5,-13,23,87,240,25,82,253
1,USA,Lithuania,43114,14,2,0,36,85,240,22,83,240
1,USA,Bosnia and Herzegovina,43114,-2,0,-27,22,84,248,24,84,275
1,USA,USA,43115,-7,0,14,25,83,279,32,83,265
0,Cameroon,Lithuania,43115,-2,0,-15,24,84,250,26,84,265
1,Poland,USA,43115,7,0,21,34,83,240,27,83,219
0,USA,Spain,43115,-8,-1,-1,30,83,249,38,84,250
1,USA,Latvia,43115,5,-3,19,28,84,259,23,87,240
1,New Zealand,Haiti,43115,3,1,30,25,84,265,22,83,235
1,USA,USA,43115,1,-1,10,30,84,275,29,85,265
0,Spain,USA,43115,3,1,-15,33,85,255,30,84,270
1,USA,USA,43115,7,1,27,30,82,251,23,81,224
1,USA,Lithuania,43115,5,-1,25,27,82,265,22,83,240
0,USA,Switzerland,43115,4,1,5,28,83,245,24,82,240
1,Democratic Republic of Congo,USA,43116,4,-3,7,26,81,255,22,84,248
0,Dominican Republic,USA,43116,7,0,-8,32,82,245,25,82,253
1,Serbia,Germany,43116,-3,1,10,23,84,250,26,83,240
1,Bosnia and Herzegovina,USA,43116,-12,-1,35,24,84,275,36,85,240
0,USA,Poland,43117,-2,0,25,32,83,265,34,83,240
1,USA,USA,43117,5,1,-4,30,83,249,25,82,253
0,USA,Spain,43117,-10,0,9,28,84,259,38,84,250
1,Lithuania,USA,43117,1,1,-14,26,84,265,25,83,279
1,USA,Russia,43117,-4,1,5,30,84,275,34,83,270
0,USA,Latvia,43117,-2,-3,-3,21,84,237,23,87,240
1,USA,USA,43117,-2,-2,-46,27,83,219,29,85,265
1,New Zealand,USA,43117,-5,0,-5,25,84,265,30,84,270
0,USA,USA,43117,-2,2,-25,25,84,240,27,82,265
0,USA,USA,43117,0,0,10,28,83,245,28,83,235
0,Dominican Republic,Cameroon,43118,8,-2,-5,32,82,245,24,84,250
0,USA,Democratic Republic of Congo,43118,4,1,-4,30,82,251,26,81,255
1,Switzerland,USA,43118,2,-2,-8,24,82,240,22,84,248
1,Bosnia and Herzegovina,Lithuania,43118,2,1,35,24,84,275,22,83,240
1,Lithuania,Spain,43119,-12,0,15,26,84,265,38,84,250
0,USA,USA,43119,-1,-1,-6,28,84,259,29,85,265
0,USA,Poland,43119,-9,0,39,25,83,279,34,83,240
1,Spain,USA,43119,8,1,15,33,85,255,25,84,240
0,Canada,USA,43119,-14,-3,-6,22,82,234,36,85,240
0,France,Latvia,43119,3,-1,5,26,86,245,23,87,240
1,USA,Lithuania,43119,1,-2,10,23,81,250,22,83,240
0,USA,New Zealand,43120,5,-2,-14,30,82,251,25,84,265
0,USA,USA,43120,0,-1,-26,30,83,249,30,84,275
1,USA,USA,43120,3,-2,0,32,83,265,29,85,265
0,USA,Spain,43120,-8,-3,-2,25,82,253,33,85,255
1,Cameroon,USA,43120,-3,1,31,24,84,250,27,83,219
0,Switzerland,Russia,43120,-10,-1,-30,24,82,240,34,83,270
0,USA,Lithuania,43120,-4,0,-17,22,84,248,26,84,265
0,France,USA,43120,-2,3,0,26,86,245,28,83,245
1,Bosnia and Herzegovina,Germany,43120,-2,1,35,24,84,275,26,83,240
1,Dominican Republic,Democratic Republic of Congo,43121,6,1,-10,32,82,245,26,81,255
0,USA,Latvia,43121,7,-3,30,30,84,270,23,87,240
1,USA,USA,43121,-3,-1,20,25,83,279,28,84,259
0,Spain,Lithuania,43121,16,1,10,38,84,250,22,83,240
1,USA,Greece,43122,3,-1,20,32,83,265,29,84,245
0,USA,France,43122,4,-3,4,30,83,249,26,86,245
0,Switzerland,USA,43122,-5,-3,-25,24,82,240,29,85,265
0,Spain,Cameroon,43122,9,1,5,33,85,255,24,84,250
1,USA,USA,43122,-1,0,-46,27,83,219,28,83,265
0,USA,USA,43122,-5,-2,-22,25,82,253,30,84,275
0,Germany,Poland,43122,-8,0,0,26,83,240,34,83,240
1,USA,Bosnia and Herzegovina,43122,4,-1,-40,28,83,235,24,84,275
0,USA,USA,43122,6,-1,-3,28,83,245,22,84,248
0,Democratic Republic of Congo,Haiti,43123,4,-2,20,26,81,255,22,83,235
1,New Zealand,USA,43123,-3,0,6,25,84,265,28,84,259
0,USA,USA,43123,3,1,9,33,83,260,30,82,251
0,Russia,USA,43123,8,0,20,34,83,270,26,83,250
1,USA,Dominican Republic,43123,-2,2,25,30,84,270,32,82,245
0,USA,USA,43124,7,1,12,32,83,265,25,82,253
1,USA,France,43124,-1,-3,34,25,83,279,26,86,245
0,Lithuania,USA,43124,-14,-2,0,22,83,240,36,85,240
0,Cameroon,USA,43124,-6,0,-25,24,84,250,30,84,275
1,USA,Lithuania,43124,4,-1,-16,30,83,249,26,84,265
1,Germany,Switzerland,43124,2,1,0,26,83,240,24,82,240
1,Spain,Spain,43124,-5,1,5,33,85,255,38,84,250
0,Bosnia and Herzegovina,USA,43124,2,0,27,24,84,275,22,84,248
1,USA,Australia,43124,-1,1,5,30,83,265,31,82,260
1,USA,USA,43125,4,1,25,29,85,265,25,84,240
1,New Zealand,Poland,43125,-9,1,25,25,84,265,34,83,240
1,Russia,USA,43125,12,-1,22,34,83,270,22,84,248
0,USA,USA,43126,2,0,16,32,83,265,30,83,249
1,Canada,Lithuania,43126,5,-1,-2,27,82,238,22,83,240
1,Lithuania,France,43126,0,-2,20,26,84,265,26,86,245
0,USA,USA,43126,0,0,5,30,84,275,30,84,270
0,Spain,USA,43126,3,2,-10,33,85,255,30,83,265
1,USA,USA,43126,-1,-1,-40,27,83,219,28,84,259
0,USA,Switzerland,43126,1,0,13,25,82,253,24,82,240
1,Germany,Bosnia and Herzegovina,43126,2,-1,-35,26,83,240,24,84,275
0,Spain,Cameroon,43126,14,0,0,38,84,250,24,84,250
0,USA,Latvia,43126,-2,-5,0,21,82,240,23,87,240
0,USA,New Zealand,43127,0,-1,14,25,83,279,25,84,265
0,Lithuania,Democratic Republic of Congo,43127,-4,2,-15,22,83,240,26,81,255
0,USA,Poland,43127,-4,0,9,30,83,249,34,83,240
1,USA,USA,43127,-3,2,0,29,85,265,32,83,265
0,Russia,Dominican Republic,43127,2,1,25,34,83,270,32,82,245
1,USA,USA,43127,-6,0,-11,22,84,248,28,84,259
1,USA,Germany,43127,2,0,-5,28,83,235,26,83,240
0,USA,USA,43128,3,1,56,30,84,275,27,83,219
0,Switzerland,USA,43128,-12,-3,0,24,82,240,36,85,240
1,USA,USA,43128,-5,-1,-12,25,82,253,30,83,265
0,Canada,USA,43128,2,-1,-41,27,82,238,25,83,279
1,Lithuania,USA,43128,-4,0,-5,26,84,265,30,84,270
1,New Zealand,Cameroon,43128,1,0,15,25,84,265,24,84,250
1,Spain,Greece,43128,9,0,5,38,84,250,29,84,245
0,Lithuania,USA,43129,-10,0,-25,22,83,240,32,83,265
1,USA,USA,43129,8,-1,1,30,83,249,22,84,248
1,Spain,USA,43129,5,2,-10,33,85,255,28,83,265
1,USA,USA,43129,-4,2,-21,27,83,219,31,81,240
1,Germany,USA,43129,-3,-2,-25,26,83,240,29,85,265
1,USA,Dominican Republic,43129,-4,1,-10,28,83,235,32,82,245
1,Poland,New Zealand,43130,9,-1,-25,34,83,240,25,84,265
1,Latvia,USA,43130,3,4,-3,23,87,240,20,83,243
1,Lithuania,USA,43130,4,0,17,26,84,265,22,84,248
1,USA,Canada,43130,-2,1,41,25,83,279,27,82,238
1,Switzerland,Democratic Republic of Congo,43130,-2,1,-15,24,82,240,26,81,255
0,USA,Greece,43130,-4,-2,8,25,82,253,29,84,245
1,Spain,Serbia,43130,15,0,0,38,84,250,23,84,250
0,France,Russia,43130,-8,3,-25,26,86,245,34,83,270
0,USA,Bosnia and Herzegovina,43130,6,-1,-10,30,83,265,24,84,275
0,USA,Spain,43131,-11,-2,-5,22,83,250,33,85,255
1,Democratic Republic of Congo,USA,43131,-4,-3,-15,26,81,255,30,84,270
0,USA,USA,43131,-2,0,-16,30,83,249,32,83,265
0,USA,Cameroon,43131,-4,-1,-7,20,83,243,24,84,250
0,Canada,USA,43131,-2,-3,-27,27,82,238,29,85,265
0,Dominican Republic,Latvia,43131,9,-5,5,32,82,245,23,87,240
0,Bosnia and Herzegovina,USA,43131,-6,0,0,24,84,275,30,84,275
1,USA,Canada,43131,9,2,0,36,85,240,27,83,240
1,USA,Spain,43132,-8,-2,24,25,83,279,33,85,255
0,Poland,Lithuania,43132,8,-1,-25,34,83,240,26,84,265
0,USA,USA,43132,-5,1,29,22,84,248,27,83,219
1,Spain,Switzerland,43132,14,2,10,38,84,250,24,82,240
1,Serbia,New Zealand,43132,-2,0,-15,23,84,250,25,84,265
1,USA,USA,43133,10,0,15,32,83,265,22,83,250
0,Australia,USA,43133,1,-1,11,31,82,260,30,83,249
1,USA,USA,43133,-10,-1,-27,20,83,243,30,84,270
0,Lithuania,Bosnia and Herzegovina,43133,2,0,-10,26,84,265,24,84,275
0,USA,Latvia,43133,4,-4,-21,27,83,219,23,87,240
0,New Zealand,USA,43133,0,2,12,25,84,265,25,82,253
1,USA,France,43133,10,-1,-5,36,85,240,26,86,245
1,USA,Russia,43133,-9,1,-30,25,84,240,34,83,270
1,USA,USA,43134,0,-1,-10,30,83,265,30,84,275
1,USA,USA,43134,4,2,24,25,83,279,21,81,255
0,USA,Cameroon,43134,-2,-1,0,22,83,250,24,84,250
0,Democratic Republic of Congo,Poland,43134,-8,-2,15,26,81,255,34,83,240
0,Canada,Switzerland,43134,3,0,-2,27,82,238,24,82,240
0,USA,USA,43134,-3,2,-5,22,84,248,25,82,253
1,USA,France,43134,7,-3,15,33,83,260,26,86,245
1,Serbia,Russia,43134,-11,1,-20,23,84,250,34,83,270
1,USA,Canada,43134,-2,1,0,25,84,240,27,83,240
0,Australia,Bosnia and Herzegovina,43135,7,-2,-15,31,82,260,24,84,275
0,USA,USA,43135,-7,0,24,20,83,243,27,83,219
1,Latvia,USA,43135,-7,4,-9,23,87,240,30,83,249
0,Lithuania,Spain,43135,-7,-1,10,26,84,265,33,85,255
1,New Zealand,USA,43135,-5,0,-5,25,84,265,30,84,270
0,USA,USA,43135,4,2,-25,36,85,240,32,83,265
0,USA,Bosnia and Herzegovina,43136,1,-1,4,25,83,279,24,84,275
0,USA,Poland,43136,-12,0,10,22,83,250,34,83,240
0,USA,Democratic Republic of Congo,43136,3,4,10,29,85,265,26,81,255
1,USA,France,43136,-1,-4,8,25,82,253,26,86,245
1,Serbia,USA,43136,-9,1,-15,23,84,250,32,83,265
0,USA,USA,43136,-5,0,-35,25,84,240,30,84,275
1,USA,Canada,43136,3,0,25,30,83,265,27,83,240
1,Democratic Republic of Congo,Canada,43137,-1,-1,17,26,81,255,27,82,238
1,Lithuania,Australia,43137,-5,2,5,26,84,265,31,82,260
0,USA,Spain,43137,-3,-2,-6,30,83,249,33,85,255
1,USA,Switzerland,43137,-4,1,3,20,83,243,24,82,240
1,Latvia,South Sudan,43137,2,2,19,23,87,240,21,85,221
1,Cameroon,Poland,43137,-10,1,10,24,84,250,34,83,240
0,Russia,New Zealand,43137,9,-1,5,34,83,270,25,84,265
1,USA,USA,43137,-6,-1,30,30,84,270,36,85,240
1,USA,USA,43138,5,0,36,25,83,279,20,83,243
0,Canada,USA,43138,5,-2,-10,27,82,238,22,84,248
0,Spain,France,43138,7,-1,10,33,85,255,26,86,245
1,USA,USA,43138,-12,-1,-20,21,82,240,33,83,260
1,Democratic Republic of Congo,USA,43139,-4,-2,6,26,81,255,30,83,249
0,Lithuania,USA,43139,-2,2,15,26,84,265,28,82,250
1,Poland,Australia,43139,3,1,-20,34,83,240,31,82,260
0,Bosnia and Herzegovina,USA,43139,-8,1,10,24,84,275,32,83,265
1,Russia,Canada,43139,7,0,30,34,83,270,27,83,240
1,USA,New Zealand,43139,5,0,5,30,84,270,25,84,265
0,USA,USA,43140,-5,0,14,25,83,279,30,83,265
0,Cameroon,USA,43140,-1,2,-3,24,84,250,25,82,253
1,USA,Canada,43140,3,1,11,30,83,249,27,82,238
1,Australia,USA,43140,9,-1,10,31,82,260,22,83,250
0,USA,USA,43140,2,2,46,29,85,265,27,83,219
1,USA,USA,43140,8,0,27,30,84,275,22,84,248
0,Switzerland,Serbia,43140,1,-2,-10,24,82,240,23,84,250
0,France,USA,43140,-6,3,-20,26,86,245,32,83,265
0,USA,Bosnia and Herzegovina,43140,1,0,-35,25,84,240,24,84,275
0,USA,USA,43141,-5,1,-10,20,83,243,25,82,253
0,Democratic Republic of Congo,South Sudan,43141,5,-4,34,26,81,255,21,85,221
1,Cameroon,USA,43141,-6,1,-15,24,84,250,30,83,265
0,USA,Poland,43141,-4,1,35,30,84,275,34,83,240
0,USA,USA,43141,-4,-4,-45,26,80,225,30,84,270
0,Russia,USA,43141,1,0,10,34,83,270,33,83,260
0,Croatia,Serbia,43141,-3,1,-25,20,85,225,23,84,250
1,USA,Lithuania,43142,6,-1,0,32,83,265,26,84,265
0,USA,USA,43142,4,1,-34,29,84,245,25,83,279
1,Dominican Republic,Canada,43142,5,0,7,32,82,245,27,82,238
0,USA,USA,43142,-4,0,0,22,83,250,26,83,250
0,Switzerland,Canada,43142,-3,-1,0,24,82,240,27,83,240
1,USA,USA,43142,-3,0,8,22,84,248,25,84,240
0,Bosnia and Herzegovina,France,43142,-2,-2,30,24,84,275,26,86,245
1,USA,USA,43143,0,1,26,25,83,279,25,82,253
1,Cameroon,USA,43143,-2,1,0,24,84,250,26,83,250
1,USA,USA,43143,-10,0,-22,20,83,243,30,83,265
1,USA,Democratic Republic of Congo,43143,4,3,20,30,84,275,26,81,255
0,France,Spain,43143,-12,2,-5,26,86,245,38,84,250
1,Russia,USA,43143,-2,-2,30,34,83,270,36,85,240
1,Lithuania,USA,43144,-3,-1,0,26,84,265,29,85,265
0,South Sudan,USA,43144,-8,1,-24,21,85,221,29,84,245
0,USA,Switzerland,43144,-2,2,8,22,84,248,24,82,240
1,New Zealand,Canada,43144,-2,2,27,25,84,265,27,82,238
0,USA,USA,43144,1,-4,-15,26,80,225,25,84,240
0,Serbia,Spain,43144,-15,0,0,23,84,250,38,84,250
1,USA,USA,43145,4,1,44,25,83,279,21,82,235
0,Democratic Republic of Congo,USA,43145,-6,-2,-10,26,81,255,32,83,265
1,USA,USA,43145,2,-4,-25,31,81,240,29,85,265
1,USA,USA,43145,-2,0,-7,20,83,243,22,83,250
0,USA,Poland,43145,-8,0,10,26,83,250,34,83,240
0,Australia,USA,43145,1,-1,-5,31,82,260,30,83,265
1,USA,Lithuania,43145,4,0,10,30,84,275,26,84,265
0,Switzerland,USA,43145,-1,-2,0,24,82,240,25,84,240
0,Spain,New Zealand,43145,8,1,-10,33,85,255,25,84,265
1,USA,USA,43145,-5,-2,-17,25,82,253,30,84,270
1,France,Ukraine,43145,1,1,-5,26,86,245,25,85,250
1,Bosnia and Herzegovina,Russia,43145,-10,1,5,24,84,275,34,83,270
0,South Sudan,Serbia,43146,-2,1,-29,21,85,221,23,84,250
0,USA,USA,43146,-8,0,-22,22,84,248,30,84,270
1,USA,USA,43153,12,0,22,32,83,265,20,83,243
0,Montenegro,USA,43153,1,1,10,27,84,260,26,83,250
0,Canada,Poland,43153,-7,-1,-2,27,82,238,34,83,240
0,Brazil,Cameroon,43153,2,-2,30,26,82,280,24,84,250
0,USA,New Zealand,43153,0,0,-25,25,84,240,25,84,265
1,USA,Australia,43154,-6,1,19,25,83,279,31,82,260
1,USA,USA,43154,-7,-1,5,22,83,250,29,84,245
1,Poland,USA,43154,2,0,-25,34,83,240,32,83,265
1,Lithuania,USA,43154,-1,1,46,26,84,265,27,83,219
0,Switzerland,USA,43154,2,-2,-8,24,82,240,22,84,248
1,Spain,Canada,43154,6,3,17,33,85,255,27,82,238
0,USA,USA,43154,-4,-3,-12,25,82,253,29,85,265
0,Serbia,Spain,43154,-15,0,0,23,84,250,38,84,250
0,Ukraine,USA,43154,-5,2,-15,25,85,250,30,83,265
0,France,Bosnia and Herzegovina,43154,2,2,-30,26,86,245,24,84,275
1,USA,USA,43154,4,4,45,30,84,270,26,80,225
0,Cameroon,Montenegro,43155,-3,0,-10,24,84,250,27,84,260
1,USA,USA,43155,8,1,28,29,85,265,21,84,237
0,USA,Germany,43155,0,3,7,26,83,250,26,80,243
0,USA,New Zealand,43155,5,0,5,30,84,270,25,84,265
1,USA,Brazil,43155,-4,2,-32,22,84,248,26,82,280
0,Ukraine,Bosnia and Herzegovina,43155,1,1,-25,25,85,250,24,84,275
1,France,USA,43155,0,6,20,26,86,245,26,80,225
0,USA,USA,43155,-5,0,-30,25,84,240,30,84,270
0,USA,USA,43156,7,0,-14,32,83,265,25,83,279
1,USA,USA,43156,2,1,-34,27,83,219,25,82,253
0,Canada,Spain,43156,-11,-2,-12,27,82,238,38,84,250
0,Poland,Cameroon,43156,10,-1,-10,34,83,240,24,84,250
0,Serbia,Switzerland,43156,-1,2,10,23,84,250,24,82,240
1,USA,USA,43157,-9,-2,-35,21,82,235,30,84,270
1,Australia,Spain,43157,-2,-3,5,31,82,260,33,85,255
1,USA,Brazil,43157,-6,1,-37,20,83,243,26,82,280
0,USA,USA,43157,-4,-1,-20,26,83,250,30,84,270
0,Lithuania,USA,43157,1,1,-14,26,84,265,25,83,279
1,USA,Ukraine,43157,0,-3,3,25,82,253,25,85,250
1,New Zealand,Montenegro,43157,-2,0,5,25,84,265,27,84,260
1,Canada,USA,43157,5,0,-10,27,83,240,22,83,250
0,France,Israel,43157,0,5,-5,26,86,245,26,81,250
1,Haiti,USA,43157,0,-1,-13,22,83,235,22,84,248
1,USA,Brazil,43158,6,1,-15,32,83,265,26,82,280
0,Canada,USA,43158,7,-1,-5,27,82,238,20,83,243
0,USA,Cameroon,43158,5,1,15,29,85,265,24,84,250
0,USA,Poland,43158,-7,0,-21,27,83,219,34,83,240
1,Bosnia and Herzegovina,USA,43158,-1,0,35,24,84,275,25,84,240
1,Serbia,USA,43158,-7,1,-15,23,84,250,30,83,265
1,USA,USA,43159,-2,0,60,25,83,279,27,83,219
0,Montenegro,Lithuania,43159,1,0,-5,27,84,260,26,84,265
1,USA,USA,43159,7,1,-5,29,84,245,22,83,250
1,Australia,USA,43159,-1,-1,-5,31,82,260,32,83,265
1,Poland,USA,43159,4,-1,-30,34,83,240,30,84,270
1,Spain,Ukraine,43159,8,0,5,33,85,255,25,85,250
0,Canada,New Zealand,43159,2,-1,-25,27,83,240,25,84,265
0,USA,USA,43159,8,1,7,33,83,260,25,82,253
1,USA,Switzerland,43159,6,1,25,30,83,265,24,82,240
1,USA,USA,43160,-1,1,-5,29,85,265,30,84,270
0,Canada,Cameroon,43160,3,-2,-12,27,82,238,24,84,250
1,Haiti,USA,43160,2,0,-8,22,83,235,20,83,243
1,Bosnia and Herzegovina,USA,43160,2,0,27,24,84,275,22,84,248
0,Montenegro,USA,43161,2,1,-19,27,84,260,25,83,279
0,Cameroon,USA,43161,-8,1,-15,24,84,250,32,83,265
1,USA,USA,43161,-1,0,-25,29,84,245,30,84,270
1,Poland,Lithuania,43161,8,-1,-25,34,83,240,26,84,265
0,Brazil,Canada,43161,-1,-1,40,26,82,280,27,83,240
0,Spain,Serbia,43161,10,1,5,33,85,255,23,84,250
1,USA,USA,43161,5,0,-31,27,83,219,22,83,250
0,Ukraine,New Zealand,43161,0,1,-15,25,85,250,25,84,265
1,France,USA,43161,4,2,-3,26,86,245,22,84,248
0,USA,USA,43161,4,0,15,30,83,265,26,83,250
0,Montenegro,USA,43162,-1,3,33,27,84,260,28,81,227
0,Canada,Serbia,43162,4,-2,-12,27,82,238,23,84,250
0,USA,USA,43162,4,2,-14,29,85,265,25,83,279
1,Switzerland,Australia,43162,-7,0,-20,24,82,240,31,82,260
0,Spain,USA,43162,8,0,-20,38,84,250,30,84,270
1,Bosnia and Herzegovina,New Zealand,43162,-1,0,10,24,84,275,25,84,265
0,Greece,France,43162,3,-2,0,29,84,245,26,86,245
1,USA,USA,43163,-7,-1,5,29,84,245,36,85,240
0,Lithuania,USA,43163,-6,1,0,26,84,265,32,83,265
1,Poland,USA,43163,12,0,-10,34,83,240,22,83,250
0,Canada,USA,43163,2,1,-13,27,83,240,25,82,253
1,USA,Cameroon,43163,3,-1,-31,27,83,219,24,84,250
1,USA,USA,43163,10,0,22,30,83,265,20,83,243
1,Greece,USA,43163,3,1,-5,29,84,245,26,83,250
0,USA,USA,43164,0,-2,-49,25,81,230,25,83,279
0,USA,USA,43164,-5,0,31,22,83,250,27,83,219
1,USA,USA,43164,-7,0,25,29,85,265,36,85,240
0,USA,Australia,43164,-8,1,-10,23,83,250,31,82,260
1,Spain,Spain,43164,5,-1,-5,38,84,250,33,85,255
1,France,Montenegro,43164,-1,2,-15,26,86,245,27,84,260
1,USA,Bosnia and Herzegovina,43164,6,0,-5,30,84,270,24,84,275
0,USA,Cameroon,43165,8,-1,15,32,83,265,24,84,250
0,Lithuania,USA,43165,-3,0,20,26,84,265,29,84,245
1,Poland,USA,43165,5,-2,-25,34,83,240,29,85,265
1,New Zealand,Switzerland,43165,1,2,25,25,84,265,24,82,240
0,Canada,Serbia,43165,4,-1,-10,27,83,240,23,84,250
1,Bosnia and Herzegovina,USA,43165,-2,1,25,24,84,275,26,83,250
1,USA,USA,43165,10,1,27,30,84,270,20,83,243
0,USA,USA,43165,5,1,12,30,83,265,25,82,253
0,USA,France,43166,-4,-3,5,22,83,250,26,86,245
1,USA,Lithuania,43166,-1,-1,14,25,83,279,26,84,265
0,USA,Spain,43166,-10,-2,-5,23,83,250,33,85,255
1,USA,Switzerland,43166,3,1,-21,27,83,219,24,82,240
1,Greece,USA,43166,4,2,-8,29,84,245,25,82,253
0,Serbia,USA,43166,-2,3,20,23,84,250,25,81,230
1,USA,Montenegro,43166,3,0,10,30,84,270,27,84,260
0,USA,USA,43167,12,0,22,32,83,265,20,83,243
0,USA,Cameroon,43167,5,1,15,29,85,265,24,84,250
1,USA,Australia,43167,-9,2,-12,22,84,248,31,82,260
0,New Zealand,USA,43167,-11,-1,25,25,84,265,36,85,240
1,USA,USA,43167,-3,1,10,30,84,270,33,83,260
1,USA,USA,43168,-5,-1,4,25,83,279,30,84,275
0,USA,USA,43168,-7,-1,5,22,83,250,29,84,245
1,Lithuania,Switzerland,43168,2,2,25,26,84,265,24,82,240
0,Spain,France,43168,7,-1,10,33,85,255,26,86,245
1,USA,USA,43168,1,0,-31,27,83,219,26,83,250
0,USA,Poland,43168,2,-1,12,36,82,252,34,83,240
0,Serbia,USA,43168,-7,0,-20,23,84,250,30,84,270
1,Bosnia and Herzegovina,USA,43168,-6,0,5,24,84,275,30,84,270
1,Greece,Montenegro,43168,2,0,-15,29,84,245,27,84,260
1,USA,USA,43168,5,2,35,30,83,265,25,81,230
0,USA,USA,43169,-4,-2,25,32,83,265,36,85,240
1,USA,Poland,43169,-13,-2,15,21,81,255,34,83,240
1,Canada,USA,43169,-1,2,13,27,83,240,28,81,227
0,New Zealand,Spain,43169,-13,0,15,25,84,265,38,84,250
1,USA,Montenegro,43169,3,-1,5,30,83,265,27,84,260
1,USA,Lithuania,43170,-3,1,-15,23,85,250,26,84,265
1,USA,USA,43170,-1,0,-30,29,84,245,30,84,275
1,USA,USA,43170,-8,0,-22,22,84,248,30,84,270
0,USA,France,43170,-1,-4,8,25,82,253,26,86,245
0,Serbia,Greece,43170,-6,0,5,23,84,250,29,84,245
0,Canada,Switzerland,43170,3,1,0,27,83,240,24,82,240
1,Australia,USA,43170,9,-1,10,31,82,260,22,83,250
1,USA,Cameroon,43170,-4,-1,-7,20,83,243,24,84,250
0,USA,USA,43170,5,3,40,30,84,270,25,81,230
0,Switzerland,Spain,43171,-14,-2,-10,24,82,240,38,84,250
1,Spain,USA,43171,6,2,36,33,85,255,27,83,219
1,New Zealand,Greece,43171,-4,0,20,25,84,265,29,84,245
0,Bosnia and Herzegovina,USA,43171,3,3,20,24,84,275,21,81,255
0,Cameroon,USA,43172,2,1,0,24,84,250,22,83,250
1,Poland,USA,43172,12,-1,-8,34,83,240,22,84,248
1,USA,USA,43172,6,0,-10,29,84,245,23,84,255
1,USA,Lithuania,43172,5,-4,-35,31,80,230,26,84,265
1,USA,USA,43172,0,3,25,26,83,250,26,80,225
0,USA,USA,43172,0,1,10,30,84,275,30,83,265
1,USA,USA,43172,-7,-1,-12,25,82,253,32,83,265
0,USA,Montenegro,43172,6,-1,0,33,83,260,27,84,260
1,France,USA,43172,1,3,-34,26,86,245,25,83,279
0,Croatia,USA,43172,-5,4,-5,20,85,225,25,81,230
1,USA,Serbia,43172,7,0,20,30,84,270,23,84,250
1,Montenegro,USA,43173,0,1,41,27,84,260,27,83,219
1,Australia,Poland,43173,-3,-1,20,31,82,260,34,83,240
0,USA,USA,43173,4,3,-15,25,84,240,21,81,255
0,Russia,USA,43173,4,-1,0,34,83,270,30,84,270
1,USA,Lithuania,43174,-4,-1,-15,22,83,250,26,84,265
0,USA,USA,43174,-3,1,-20,29,84,245,32,83,265
0,USA,Cameroon,43174,2,-1,0,26,83,250,24,84,250
1,Switzerland,USA,43174,-6,-1,-25,24,82,240,30,83,265
1,Spain,USA,43174,3,1,-20,33,85,255,30,84,275
0,USA,USA,43174,8,1,7,33,83,260,25,82,253
0,Serbia,USA,43174,-2,1,-29,23,84,250,25,83,279
0,France,Ukraine,43174,1,1,-5,26,86,245,25,85,250
1,Bosnia and Herzegovina,USA,43174,-8,3,40,24,84,275,32,81,235
1,Montenegro,Australia,43175,-4,2,0,27,84,260,31,82,260
0,Cameroon,USA,43175,4,1,7,24,84,250,20,83,243
1,Lithuania,Canada,43175,-1,1,25,26,84,265,27,83,240
1,New Zealand,USA,43175,-5,1,0,25,84,265,30,83,265
0,Russia,USA,43175,9,-1,30,34,83,270,25,84,240
1,USA,USA,43175,9,3,15,30,84,270,21,81,255
1,Poland,USA,43176,1,1,-40,34,83,240,33,82,280
1,USA,Switzerland,43176,1,0,13,25,82,253,24,82,240
1,USA,Canada,43176,-7,0,3,20,83,243,27,83,240
0,USA,USA,43176,-6,0,-15,26,83,250,32,83,265
1,Brazil,Croatia,43176,5,-1,26,26,82,280,21,83,254
1,Spain,Serbia,43176,10,1,5,33,85,255,23,84,250
1,USA,USA,43176,-2,-1,-26,27,83,219,29,84,245
1,USA,USA,43176,11,-1,12,33,83,260,22,84,248
1,France,Haiti,43176,4,3,10,26,86,245,22,83,235
0,Ukraine,Russia,43176,-9,2,-20,25,85,250,34,83,270
0,Bosnia and Herzegovina,USA,43176,-1,1,-4,24,84,275,25,83,279
1,Lithuania,New Zealand,43177,1,0,0,26,84,265,25,84,265
1,USA,Australia,43177,-6,0,-7,25,82,253,31,82,260
0,USA,Switzerland,43177,-2,2,8,22,84,248,24,82,240
0,USA,USA,43178,3,-1,32,30,82,251,27,83,219
0,USA,USA,43178,-8,-1,-20,22,83,250,30,84,270
1,Cameroon,USA,43178,-8,1,-15,24,84,250,32,83,265
1,USA,USA,43178,-1,-1,6,20,83,243,21,84,237
0,USA,Serbia,43178,-2,-3,5,21,81,255,23,84,250
1,USA,Brazil,43178,0,1,-30,26,83,250,26,82,280
1,USA,Russia,43178,-1,0,-10,33,83,260,34,83,270
0,USA,USA,43178,0,1,-39,25,84,240,25,83,279
0,Montenegro,Democratic Republic of Congo,43179,-2,2,25,27,84,260,29,82,235
0,Australia,New Zealand,43179,6,-2,-5,31,82,260,25,84,265
1,USA,USA,43179,-8,1,-17,22,84,248,30,83,265
1,USA,Canada,43179,-2,-1,13,25,82,253,27,83,240
1,France,USA,43179,-3,2,0,26,86,245,29,84,245
0,Ukraine,USA,43179,0,2,-29,25,85,250,25,83,279
1,Bosnia and Herzegovina,Switzerland,43179,0,2,35,24,84,275,24,82,240
1,USA,USA,43180,3,-1,3,25,82,253,22,83,250
0,USA,Lithuania,43180,4,-2,-14,30,82,251,26,84,265
0,Cameroon,Spain,43180,-9,-1,-5,24,84,250,33,85,255
1,USA,USA,43180,-12,0,-22,20,83,243,32,83,265
1,USA,USA,43180,-5,-2,5,21,81,255,26,83,250
0,Brazil,Serbia,43180,3,-2,30,26,82,280,23,84,250
1,USA,USA,43180,-3,0,-46,27,83,219,30,83,265
0,USA,Poland,43180,-1,0,20,33,83,260,34,83,240
1,Spain,USA,43181,3,-1,3,24,83,240,21,84,237
0,Montenegro,Cameroon,43181,3,0,10,27,84,260,24,84,250
0,Switzerland,USA,43181,-1,-1,-39,24,82,240,25,83,279
0,USA,USA,43181,-5,-2,-17,25,82,253,30,84,270
0,Canada,France,43181,1,-3,-5,27,83,240,26,86,245
0,USA,USA,43181,-4,0,-5,25,84,240,29,84,245
0,USA,USA,43182,-8,0,-15,22,83,250,30,83,265
0,Poland,Serbia,43182,11,-1,-10,34,83,240,23,84,250
0,USA,USA,43182,9,0,11,30,82,251,21,82,240
0,USA,USA,43182,4,-1,2,26,83,250,22,84,248
0,Lithuania,USA,43182,6,1,22,26,84,265,20,83,243
0,Brazil,USA,43182,-1,-1,61,26,82,280,27,83,219
1,New Zealand,USA,43182,4,3,10,25,84,265,21,81,255
0,USA,France,43182,7,-3,15,33,83,260,26,86,245
1,Bosnia and Herzegovina,Australia,43182,-7,2,15,24,84,275,31,82,260
1,Russia,USA,43182,5,-1,25,34,83,270,29,84,245
0,Cameroon,USA,43183,2,0,2,24,84,250,22,84,248
1,USA,USA,43183,-5,-1,4,25,83,279,30,84,275
1,Montenegro,USA,43183,6,2,20,27,84,260,21,82,240
1,Switzerland,USA,43183,-1,0,-13,24,82,240,25,82,253
0,Spain,USA,43183,3,1,-15,33,85,255,30,84,270
0,Canada,USA,43183,-5,0,-25,27,83,240,32,83,265
1,USA,USA,43184,-5,2,13,20,83,243,25,81,230
0,USA,USA,43184,-6,0,-41,27,83,219,33,83,260
0,USA,USA,43184,1,2,-5,22,83,250,21,81,255
1,Lithuania,USA,43184,-4,1,0,26,84,265,30,83,265
1,Poland,USA,43184,8,0,-10,34,83,240,26,83,250
0,Haiti,Australia,43184,-9,1,-25,22,83,235,31,82,260
0,New Zealand,Bosnia and Herzegovina,43184,1,0,-10,25,84,265,24,84,275
0,Switzerland,USA,43184,-5,-2,-5,24,82,240,29,84,245
1,USA,France,43184,4,-2,25,30,84,270,26,86,245
0,USA,USA,43185,6,0,15,32,83,265,26,83,250
1,USA,USA,43185,-5,-1,9,25,83,279,30,84,270
1,Cameroon,Serbia,43185,1,0,0,24,84,250,23,84,250
0,USA,Spain,43185,-11,-1,-7,22,84,248,33,85,255
1,USA,Australia,43185,-10,0,-20,21,82,240,31,82,260
1,Poland,USA,43186,1,0,-20,34,83,240,33,83,260
1,Democratic Republic of Congo,Serbia,43186,6,-2,-15,29,82,235,23,84,250
0,USA,USA,43186,-8,-1,0,24,80,235,32,81,235
1,Brazil,Brazil,43186,10,1,-30,36,83,250,26,82,280
0,USA,Bosnia and Herzegovina,43186,1,-2,-22,25,82,253,24,84,275
1,Haiti,Germany,43186,-4,0,-5,22,83,235,26,83,240
0,Russia,USA,43186,12,0,20,34,83,270,22,83,250
1,USA,USA,43186,3,0,46,30,83,265,27,83,219
0,Montenegro,USA,43187,7,1,17,27,84,260,20,83,243
0,Cameroon,USA,43187,-2,1,0,24,84,250,26,83,250
0,Spain,Bosnia and Herzegovina,43187,9,1,-20,33,85,255,24,84,275
0,USA,USA,43187,-7,0,3,22,84,248,29,84,245
1,France,Australia,43187,-5,4,-15,26,86,245,31,82,260
0,USA,USA,43187,-9,-1,-25,21,82,240,30,83,265
1,USA,Canada,43187,3,1,30,30,84,270,27,83,240
0,USA,Poland,43188,-9,0,39,25,83,279,34,83,240
1,USA,USA,43188,-1,1,-10,29,85,265,30,84,275
0,Spain,New Zealand,43188,13,0,-15,38,84,250,25,84,265
1,Haiti,USA,43188,0,0,-15,22,83,235,22,83,250
0,USA,USA,43188,3,1,51,30,84,270,27,83,219
1,Montenegro,Brazil,43189,1,2,-20,27,84,260,26,82,280
0,USA,USA,43189,-2,3,5,29,84,245,31,81,240
0,USA,USA,43189,0,-1,-23,25,81,230,25,82,253
1,Switzerland,USA,43189,3,0,0,24,82,240,21,82,240
1,New Zealand,Serbia,43189,2,0,15,25,84,265,23,84,250
0,Canada,USA,43189,5,-1,-8,27,83,240,22,84,248
0,France,Spain,43189,-7,1,-10,26,86,245,33,85,255
1,USA,USA,43189,2,0,11,30,84,270,28,84,259
0,Bosnia and Herzegovina,USA,43189,-6,1,10,24,84,275,30,83,265
1,Poland,USA,43190,2,0,-25,34,83,240,32,83,265
1,USA,USA,43190,3,-1,-29,28,82,250,25,83,279
1,Australia,Lithuania,43190,5,-2,-5,31,82,260,26,84,265
1,USA,USA,43190,9,2,22,29,85,265,20,83,243
0,Haiti,USA,43190,-8,-1,-35,22,83,235,30,84,270
0,USA,USA,43191,1,2,25,32,83,265,31,81,240
1,USA,Poland,43191,-4,1,35,30,84,275,34,83,240
1,USA,Switzerland,43191,9,1,20,33,83,260,24,82,240
1,USA,USA,43191,8,0,15,30,83,265,22,83,250
0,USA,Montenegro,43191,2,0,-15,29,84,245,27,84,260
1,USA,USA,43191,-5,0,-36,20,83,243,25,83,279
0,USA,Canada,43191,-2,-2,-10,25,81,230,27,83,240
1,USA,New Zealand,43191,0,-2,-12,25,82,253,25,84,265
1,USA,France,43191,-4,-2,3,22,84,248,26,86,245
1,Serbia,USA,43191,-4,1,31,23,84,250,27,83,219
1,USA,USA,43191,1,-1,-20,22,81,220,21,82,240
1,Bosnia and Herzegovina,Spain,43191,-9,-1,20,24,84,275,33,85,255
0,USA,Haiti,43191,8,1,35,30,84,270,22,83,235
0,USA,Lithuania,43193,6,-3,-30,32,81,235,26,84,265
1,USA,USA,43193,11,-2,-3,31,81,240,20,83,243
1,USA,USA,43193,8,3,30,29,85,265,21,82,235
0,USA,Montenegro,43193,1,-2,-10,28,82,250,27,84,260
1,Brazil,USA,43193,-6,-1,15,26,82,280,32,83,265
0,Switzerland,Poland,43193,-10,-1,0,24,82,240,34,83,240
0,USA,Australia,43193,-4,1,-41,27,83,219,31,82,260
1,New Zealand,Russia,43193,-9,1,-5,25,84,265,34,83,270
0,Canada,Bosnia and Herzegovina,43193,3,-1,-35,27,83,240,24,84,275
1,Serbia,USA,43193,1,1,0,23,84,250,22,83,250
0,France,USA,43193,-4,2,-25,26,86,245,30,84,270
0,USA,USA,43193,-4,-2,0,21,82,240,25,84,240
1,USA,USA,43193,-3,0,5,30,83,265,33,83,260
1,USA,USA,43194,-6,2,39,25,83,279,31,81,240
1,Democratic Republic of Congo,USA,43194,3,-1,25,26,81,255,23,82,230
1,Lithuania,Australia,43194,-5,2,5,26,84,265,31,82,260
0,USA,USA,43194,0,-1,-20,29,84,245,29,85,265
1,USA,Spain,43194,-8,-3,-2,25,82,253,33,85,255
1,USA,Spain,43194,-8,0,20,30,84,270,38,84,250
0,USA,USA,43195,-8,-1,-20,22,83,250,30,84,270
0,USA,Poland,43195,-2,-2,-5,32,81,235,34,83,240
1,Switzerland,Bosnia and Herzegovina,43195,0,-2,-35,24,82,240,24,84,275
1,USA,USA,43195,7,0,-24,27,83,219,20,83,243
1,France,USA,43195,-4,3,-20,26,86,245,30,83,265
1,Serbia,USA,43195,1,0,2,23,84,250,22,84,248
1,USA,Canada,43196,-2,0,39,25,83,279,27,83,240
0,Democratic Republic of Congo,USA,43196,-6,-2,-10,26,81,255,32,83,265
1,USA,USA,43196,-1,0,5,31,81,240,32,81,235
1,Poland,USA,43196,5,-1,-5,34,83,240,29,84,245
1,Australia,Brazil,43196,5,0,-20,31,82,260,26,82,280
1,USA,USA,43196,-1,-3,-15,28,82,250,29,85,265
1,Lithuania,USA,43196,4,1,15,26,84,265,22,83,250
0,USA,USA,43196,-4,-2,-20,21,82,220,25,84,240
0,USA,USA,43196,-4,0,-13,21,82,240,25,82,253
0,USA,USA,43196,8,0,22,30,84,270,22,84,248
1,USA,Serbia,43197,7,-1,15,30,83,265,23,84,250
1,USA,USA,43197,1,-1,31,28,82,250,27,83,219
0,Brazil,USA,43197,6,-1,37,26,82,280,20,83,243
0,Switzerland,New Zealand,43197,-1,-2,-25,24,82,240,25,84,265
0,USA,Canada,43197,-1,3,39,28,79,230,29,76,191
1,Spain,Bosnia and Herzegovina,43197,14,0,-25,38,84,250,24,84,275
0,USA,USA,43198,10,0,15,32,83,265,22,83,250
1,USA,USA,43198,8,-1,10,31,81,240,23,82,230
0,Spain,USA,43198,8,2,-24,33,85,255,25,83,279
1,Brazil,Montenegro,43198,-1,0,-40,26,84,220,27,84,260
0,USA,France,43198,4,-2,25,30,84,270,26,86,245
1,Australia,USA,43198,2,-2,15,31,82,260,29,84,245
0,Ukraine,Russia,43198,-9,2,-20,25,85,250,34,83,270
0,USA,Lithuania,43199,0,-2,-25,26,82,240,26,84,265
1,USA,Brazil,43199,-6,1,-37,20,83,243,26,82,280
0,USA,New Zealand,43199,4,1,0,29,85,265,25,84,265
1,USA,USA,43199,-4,1,15,28,82,250,32,81,235
1,USA,Montenegro,43199,0,-1,-41,27,83,219,27,84,260
1,USA,USA,43199,1,0,11,22,84,248,21,84,237
0,Spain,USA,43199,13,0,10,38,84,250,25,84,240
1,Serbia,Bosnia and Herzegovina,43199,-1,0,-25,23,84,250,24,84,275
1,USA,USA,43199,5,1,12,30,83,265,25,82,253
0,USA,USA,43200,-10,0,-15,22,83,250,32,83,265
1,USA,USA,43200,-2,3,5,29,84,245,31,81,240
1,Poland,Australia,43200,3,1,-20,34,83,240,31,82,260
0,Canada,Ukraine,43200,2,-2,-10,27,83,240,25,85,250
1,France,Russia,43200,-8,3,-25,26,86,245,34,83,270
0,USA,Switzerland,43200,6,2,30,30,84,270,24,82,240
1,Australia,USA,43201,11,-1,17,31,82,260,20,83,243
0,USA,USA,43201,-3,-1,-20,25,81,230,28,82,250
0,USA,Lithuania,43201,3,1,0,29,85,265,26,84,265
0,Montenegro,Poland,43201,-7,1,20,27,84,260,34,83,240
1,USA,USA,43201,4,-2,21,31,81,240,27,83,219
1,Brazil,USA,43201,0,0,40,26,82,280,26,82,240
0,USA,Serbia,43201,-1,0,-2,22,84,248,23,84,250
0,USA,USA,43201,-8,-1,-7,25,82,253,33,83,260
1,New Zealand,USA,43201,4,0,28,25,84,265,21,84,237
1,USA,USA,43201,0,-1,-5,30,83,265,30,84,270
1,Bosnia and Herzegovina,France,43201,-2,-2,30,24,84,275,26,86,245
1,USA,Israel,43201,-1,3,-10,25,84,240,26,81,250
1,USA,USA,43204,2,-4,-25,31,81,240,29,85,265
1,USA,USA,43204,-3,1,10,30,84,270,33,83,260
0,Bosnia and Herzegovina,USA,43204,-1,2,22,24,84,275,25,82,253
1,Australia,USA,43205,4,-1,41,31,82,260,27,83,219
0,USA,USA,43205,10,-2,-15,32,81,235,22,83,250
1,Switzerland,USA,43205,2,-2,-8,24,82,240,22,84,248
0,New Zealand,France,43205,-1,-2,20,25,84,265,26,86,245
0,Australia,USA,43206,-7,-3,-35,22,82,230,29,85,265
1,USA,USA,43206,-3,1,10,30,84,270,33,83,260
0,Lithuania,Poland,43207,-8,1,25,26,84,265,34,83,240
1,Australia,USA,43207,4,-1,41,31,82,260,27,83,219
1,Bosnia and Herzegovina,USA,43207,-1,2,22,24,84,275,25,82,253
1,USA,USA,43208,8,-1,1,30,82,251,22,83,250
0,Switzerland,USA,43208,2,-2,-8,24,82,240,22,84,248
1,New Zealand,France,43208,-1,-2,20,25,84,265,26,86,245
0,USA,Cameroon,43209,5,1,15,29,85,265,24,84,250
1,USA,USA,43209,3,-1,-10,33,83,260,30,84,270
0,USA,Bosnia and Herzegovina,43209,1,-2,-22,25,82,253,24,84,275
1,Poland,Lithuania,43210,8,-1,-25,34,83,240,26,84,265
0,USA,Australia,43210,-3,2,-1,28,84,259,31,82,260
0,USA,USA,43210,-8,1,-1,22,83,250,30,82,251
0,USA,Cameroon,43211,5,1,15,29,85,265,24,84,250
0,USA,Switzerland,43211,-2,2,8,22,84,248,24,82,240
0,USA,Bosnia and Herzegovina,43211,1,-2,-22,25,82,253,24,84,275
0,France,New Zealand,43211,1,2,-20,26,86,245,25,84,265
1,Poland,Lithuania,43212,8,-1,-25,34,83,240,26,84,265
0,USA,Australia,43212,-3,2,-1,28,84,259,31,82,260
1,USA,USA,43212,-8,1,-1,22,83,250,30,82,251
0,USA,USA,43212,3,-1,-10,33,83,260,30,84,270
1,USA,Switzerland,43213,-2,2,8,22,84,248,24,82,240
0,France,New Zealand,43213,1,2,-20,26,86,245,25,84,265
1,Dominican Republic,USA,43214,4,-2,-14,32,82,245,28,84,259
0,Cameroon,USA,43214,-5,-1,-15,24,84,250,29,85,265
1,USA,USA,43214,-3,1,10,30,84,270,33,83,260
0,Lithuania,Poland,43215,-8,1,25,26,84,265,34,83,240
0,USA,USA,43215,8,-1,1,30,82,251,22,83,250
0,Switzerland,USA,43215,2,-2,-8,24,82,240,22,84,248
1,New Zealand,France,43215,-1,-2,20,25,84,265,26,86,245
0,South Sudan,Dominican Republic,43216,-11,3,-24,21,85,221,32,82,245
1,Poland,Lithuania,43217,8,-1,-25,34,83,240,26,84,265
1,USA,USA,43217,-8,1,-1,22,83,250,30,82,251
0,France,New Zealand,43217,1,2,-20,26,86,245,25,84,265
1,Dominican Republic,South Sudan,43218,11,-3,24,32,82,245,21,85,221
0,USA,USA,43218,5,0,-13,30,82,240,25,82,253
1,Canada,USA,43219,5,-1,-12,27,82,238,22,83,250
0,Switzerland,France,43219,-2,-4,-5,24,82,240,26,86,245
0,Australia,Cameroon,43220,7,-2,10,31,82,260,24,84,250
1,Lithuania,USA,43221,-4,2,14,26,84,265,30,82,251
1,USA,USA,43221,5,0,-13,30,82,240,25,82,253
0,Switzerland,France,43222,-2,-4,-5,24,82,240,26,86,245
0,Lithuania,USA,43223,-4,2,14,26,84,265,30,82,251
0,Australia,Cameroon,43223,7,-2,10,31,82,260,24,84,250
1,France,Switzerland,43224,2,4,5,26,86,245,24,82,240
0,USA,USA,43224,-5,-2,-17,25,82,253,30,84,270
0,USA,Lithuania,43225,4,-2,-14,30,82,251,26,84,265
1,Cameroon,Australia,43225,-7,2,-10,24,84,250,31,82,260
0,France,Switzerland,43226,2,4,5,26,86,245,24,82,240
1,USA,USA,43226,-5,0,13,25,82,253,30,82,240
1,USA,Democratic Republic of Congo,43227,1,0,16,30,82,251,29,82,235
0,Cameroon,Australia,43227,-7,2,-10,24,84,250,31,82,260
0,Switzerland,France,43228,-2,-4,-5,24,82,240,26,86,245
0,USA,USA,43228,5,0,-13,30,82,240,25,82,253
0,Australia,Cameroon,43229,7,-2,10,31,82,260,24,84,250
1,Dominican Republic,USA,43233,2,0,-6,32,82,245,30,82,251
1,Switzerland,USA,43234,-6,0,0,24,82,240,30,82,240
0,Dominican Republic,Canada,43235,5,0,7,32,82,245,27,82,238
0,Switzerland,USA,43236,-6,0,0,24,82,240,30,82,240
0,Canada,Dominican Republic,43239,-5,0,-7,27,82,238,32,82,245
0,USA,Switzerland,43240,6,0,0,30,82,240,24,82,240
0,Canada,Dominican Republic,43241,-5,0,-7,27,82,238,32,82,245
1,USA,Switzerland,43242,6,0,0,30,82,240,24,82,240
1,Australia,Canada,43243,4,0,22,31,82,260,27,82,238
1,Switzerland,USA,43244,-6,0,0,24,82,240,30,82,240
0,Canada,Australia,43245,-4,0,-22,27,82,238,31,82,260
0,USA,Switzerland,43246,6,0,0,30,82,240,24,82,240
1,Australia,Canada,43247,4,0,22,31,82,260,27,82,238
0,Switzerland,USA,43248,-6,0,0,24,82,240,30,82,240
0,USA,Canada,43251,3,0,2,30,82,240,27,82,238
1,USA,Canada,43254,3,2,32,30,84,270,27,82,238
1,Canada,USA,43257,-3,-2,-32,27,82,238,30,84,270
0,Canada,USA,43259,-3,-2,-32,27,82,238,30,84,270